"GD_mean" "nb_species" "nb_indv_mean" "SST" "Alt" "regions" "cell" "x" "y"
-2.11778762176053 3 -0.00480127335071302 -1.01615933378427 0.884193595961279 5 2060 -1.44341243887724 1.04367557847886
-1.94965848926225 2 -0.58235091818341 -1.27860167004904 0.0343001878374173 5 2062 -1.44341243887724 1.17155322636683
0.399924863028907 2 -0.58235091818341 -0.969068142786579 1.60512495156681 5 2133 -1.41584216158138 0.979736754534883
-1.26411402026371 3 -0.466840989216872 -0.532243784465348 1.41918372326237 5 2205 -1.38827188428551 0.85185910664692
-1.94139332251189 2 -0.58235091818341 -1.13470405577764 1.69629423960963 5 2208 -1.38827188428551 1.04367557847886
-0.967387486560352 2 0.283973549065634 -1.35770728117679 1.77227329252318 5 2356 -1.33313132969379 1.04367557847886
0.222416155561369 2 -0.409086024733601 -0.923002731178712 2.94531959826078 5 2649 -1.22285022051034 0.85185910664692
-1.05556938769468 3 -0.120311202317254 0.11234137793977 1.84930793349353 5 2717 -1.19527994321447 0.468226162983032
0.399924863028907 2 -0.58235091818341 -0.354400005796127 1.32027247282719 5 2721 -1.19527994321447 0.723981458758958
0.57084857323776 2 -0.235821131283792 0.278504148652579 0.936817891483739 5 2787 -1.16770966591861 0.212470867207107
-0.61812003847943 2 -0.409086024733601 0.11581903980332 1.12745404042702 5 2792 -1.16770966591861 0.532164986927013
0.154126486064123 4 0.19734110234073 -1.17911504450789 1.07837326415302 5 2800 -1.16770966591861 1.04367557847886
0.647920650491556 10 1.53148078190426 0.230541754204983 1.56759786916535 5 2863 -1.14013938862275 0.340348515095069
0.604234505577457 5 0.0414026982359016 0.219125523100725 1.85676037018827 5 2864 -1.14013938862275 0.404287339039051
0.656961880694296 6 0.110708655615825 0.263643212907562 0.914700820529199 5 2865 -1.14013938862275 0.468226162983032
-0.184610195581273 5 -0.513044960803486 0.202424833510643 0.0763872116239032 5 2867 -1.14013938862275 0.596103810870995
-0.317614752883612 2 0.110708655615825 -1.1077068947664 0.676287743366667 5 2874 -1.14013938862275 1.04367557847886
0.514662570022805 7 1.74434907957116 0.349223776926751 1.1676627756176 5 2936 -1.11256911132688 0.276409691151088
0.0740711507743594 10 2.74433503605292 0.2501225122276 -0.419947971428554 5 2937 -1.11256911132688 0.340348515095069
0.708092750827463 4 0.543870889240347 0.279949504147626 -0.26309024084302 5 2938 -1.11256911132688 0.404287339039051
-0.366383331714314 4 -0.495718471458506 0.117267886569516 0.0490320781143449 5 2942 -1.11256911132688 0.660042634814976
0.870074110514318 6 2.01662248356372 0.523311154697881 -0.377658282915959 5 3009 -1.08499883403102 0.212470867207107
-0.669137543325634 2 -0.928880705083028 -0.0325417086213955 -0.198713929900913 5 3017 -1.08499883403102 0.723981458758958
-0.0232476561982927 7 0.952280995229183 -0.207493956253843 -0.0900653587331869 5 3018 -1.08499883403102 0.787920282702939
0.798260377332451 2 -0.409086024733601 -0.408049378055155 -0.043883563347361 5 3019 -1.08499883403102 0.85185910664692
0.472785331422457 5 -0.859574747703104 -0.636554634039765 0.0817724386373131 5 3020 -1.08499883403102 0.915797930590902
-0.546119999046765 2 -0.409086024733601 -1.0914371026023 0.152399328661546 5 3022 -1.08499883403102 1.04367557847886
1.17915192086151 3 -0.351331060250331 0.0816586957485324 -0.326616109018418 5 3090 -1.05742855673516 0.660042634814976
0.399924863028907 3 -0.928880705083028 -0.0381189139878794 -0.284142164680547 5 3091 -1.05742855673516 0.723981458758958
0.326591916903536 16 0.977033122864869 -0.202037309069518 -0.12212685914004 5 3092 -1.05742855673516 0.787920282702939
0.0114065807478023 14 0.0117001450730758 -0.399337660668557 0.0998074778460949 5 3093 -1.05742855673516 0.85185910664692
0.389914324511378 2 -0.928880705083028 -0.624408818713835 -0.0418145467433606 5 3094 -1.05742855673516 0.915797930590902
0.435718600928341 3 6.11722496187585 -3.08187745284441 -0.45656155643931 5 3103 -1.05742855673516 1.49124734608673
0.681214791884197 11 -0.45634008658355 0.0520022240501122 -0.365056686077088 5 3164 -1.02985827943929 0.660042634814976
0.390786068050664 6 -0.81337077611649 -0.0587043696281118 -0.347390944467428 5 3165 -1.02985827943929 0.723981458758958
0.348209947600442 8 -0.365769801371149 -0.219591699188824 -0.283162946477488 5 3166 -1.02985827943929 0.787920282702939
0.0254132876784896 17 -0.174668815948567 -0.410886185233454 -0.0354304953580329 5 3167 -1.02985827943929 0.85185910664692
0.478967969185025 7 -0.532846662912037 -0.629898481591149 -0.0542049049831221 5 3168 -1.02985827943929 0.915797930590902
0.0656578073892349 3 -0.81337077611649 -0.867203689633366 -0.102138349390133 5 3169 -1.02985827943929 0.979736754534883
-0.551811980283031 4 -0.495718471458506 -1.10892880072393 0.00485435796427089 5 3170 -1.02985827943929 1.04367557847886
0.00814175892250597 3 -0.697860847149948 -1.36192867121796 0.035393605385676 5 3171 -1.02985827943929 1.10761440242285
-0.598601438349217 16 0.327289772428086 -1.62859108013347 0.0972363001102364 5 3172 -1.02985827943929 1.17155322636683
-0.178792610969454 12 0.226218584582363 0.784745589055656 0.455572732478266 7 3229 -1.00228800214343 0.0845932193191439
0.529000439429687 8 -0.365769801371149 0.026553759663483 -0.325391516825188 5 3238 -1.00228800214343 0.660042634814976
1.12232583719166 10 -0.651656875563334 -0.083943820824415 -0.27081811253647 5 3239 -1.00228800214343 0.723981458758958
0.624493612034773 12 -0.697860847149948 -0.239597674675429 -0.282266566557183 5 3240 -1.00228800214343 0.787920282702939
0.476926749538563 14 -0.136812620741043 -0.435139760768717 -0.252289589016159 5 3241 -1.00228800214343 0.85185910664692
-1.31017541507395 6 -0.524595953700139 -0.644103330540891 -0.167591940375946 5 3242 -1.00228800214343 0.915797930590902
0.399924863028907 4 -0.755615811633219 -0.87152579062728 -0.137837484966564 5 3243 -1.00228800214343 0.979736754534883
0.416026080852147 14 0.110708655615825 -1.11332758045179 -0.0431631548121401 5 3244 -1.00228800214343 1.04367557847886
-0.188974161982578 7 -0.0873083654696702 -1.36532467000578 0.106230942136755 5 3245 -1.00228800214343 1.10761440242285
0.442377853315447 3 -0.58235091818341 -1.64968908280097 -0.0654665771810933 5 3246 -1.00228800214343 1.17155322636683
-1.6108232025649 6 0.283973549065634 0.879416437783667 -1.45693079079139 5 3305 -0.974717724847567 0.212470867207107
0.26379563939886 11 -0.330329254983687 0.016712973798 -0.355651054406376 5 3312 -0.974717724847567 0.660042634814976
0.527059183505162 19 -0.782973426388451 -0.0951253160473076 -0.285551394930384 5 3313 -0.974717724847567 0.723981458758958
-0.0641741072976489 26 -0.569022849456501 -0.258430063428914 -0.15347767022976 5 3314 -0.974717724847567 0.787920282702939
0.30083362688481 18 -0.678609192322194 -0.464391332868318 -0.182627028206213 5 3315 -0.974717724847567 0.85185910664692
0.956012732776429 4 -0.668983364908315 -0.665392886008532 -0.203730101737984 5 3316 -0.974717724847567 0.915797930590902
-0.253106374740577 4 0.80376822941506 -0.874406611721192 -0.121560609383596 5 3317 -0.974717724847567 0.979736754534883
0.178320947924919 14 0.135460783251512 -1.11128282446836 -0.17178292965396 5 3318 -0.974717724847567 1.04367557847886
0.512974407773155 5 1.56613376059422 -1.37316953923861 -0.131826766399569 5 3319 -0.974717724847567 1.10761440242285
0.00814175892250597 3 -0.697860847149948 -1.66830614732706 -0.188328374174889 5 3320 -0.974717724847567 1.17155322636683
0.169948787165076 11 -0.267323839183757 0.033691014334668 -0.332668464376712 5 3386 -0.947147447551704 0.660042634814976
1.0882110847332 20 -0.547697939493448 -0.114079861293595 -0.158564160826973 5 3387 -0.947147447551704 0.723981458758958
-0.407102134059942 21 -0.169815457588627 -0.26813242079548 0.00471597306540201 5 3388 -0.947147447551704 0.787920282702939
-0.30309407304018 35 -0.463540705532114 -0.486580643934435 -0.012307507414589 5 3389 -0.947147447551704 0.85185910664692
0.388945562070701 4 -0.495718471458506 -0.699871562737766 -0.101930968611047 5 3390 -0.947147447551704 0.915797930590902
-0.210371298727504 3 0.110708655615825 -0.884786998253081 -0.0467877161426122 5 3391 -0.947147447551704 0.979736754534883
-0.421207210490706 5 -0.790268790323181 0.89293641337094 -1.5827302436188 7 3455 -0.919577170255841 0.340348515095069
1.11122053228987 2 0.110708655615825 0.0578981772819719 -0.328758523336653 5 3460 -0.919577170255841 0.660042634814976
0.692704217224112 2 -0.928880705083028 -0.121699868355193 -0.208956211402449 5 3461 -0.919577170255841 0.723981458758958
0.208117907186186 16 -0.19250490792134 -0.285567437504469 0.254863599762356 5 3462 -0.919577170255841 0.787920282702939
-0.174778095298525 15 -0.282025102870407 -0.494566059369695 0.231321851639414 5 3463 -0.919577170255841 0.85185910664692
0.445342061113811 9 -0.543847608527897 -0.715857294405962 -0.0356679178954207 5 3464 -0.919577170255841 0.915797930590902
0.312335316333122 4 -0.235821131283792 -0.922297154055794 -0.0344322683403947 5 3465 -0.919577170255841 0.979736754534883
-0.0642826934857475 5 -0.374433046043639 -1.13140398694849 -0.0918910713094751 5 3466 -0.919577170255841 1.04367557847886
-0.0885397336020004 4 -0.755615811633219 0.71879212460008 -0.421080082521603 5 3531 -0.892006892959978 0.468226162983032
0.861155558553317 4 -0.928880705083028 0.312102620907641 -0.389174237736725 5 3533 -0.892006892959978 0.596103810870995
-0.84553184257397 2 -0.58235091818341 0.101891777206532 -0.399575846462922 5 3534 -0.892006892959978 0.660042634814976
0.0125771693708208 8 -0.235821131283792 -0.31543228855341 -0.130031878442646 5 3536 -0.892006892959978 0.787920282702939
-0.223803694500144 17 -0.500814497736441 -0.49016712360994 0.486726812343884 5 3537 -0.892006892959978 0.85185910664692
0.358998146154202 3 -0.466840989216872 -0.928390958196042 0.0182823815508075 5 3539 -0.892006892959978 0.979736754534883
0.314804621334496 26 0.00408410580055735 -1.15597560027525 -0.124779067972243 5 3540 -0.892006892959978 1.04367557847886
-0.403379712583603 8 -0.0625562378339837 -1.42123930821101 -0.181732499291601 5 3541 -0.892006892959978 1.10761440242285
0.426723936611971 3 -0.697860847149948 -1.71524276715387 0.0688587622146882 5 3542 -0.892006892959978 1.17155322636683
0.308470982555383 7 -0.532846662912037 -0.341334050738213 -0.318216243271548 5 3610 -0.864436615664114 0.787920282702939
-1.03660943353717 10 -0.478391982113525 -0.509794968381988 -0.0608710793774937 5 3611 -0.864436615664114 0.85185910664692
-0.956483907328603 7 -0.58235091818341 -0.702880348463433 0.421492269895205 5 3612 -0.864436615664114 0.915797930590902
-0.24793589991243 3 -0.81337077611649 -0.928232835681674 0.213899925089489 5 3613 -0.864436615664114 0.979736754534883
-0.0314754423805081 21 0.919278158381599 -1.17568553367414 -0.0262533217922616 5 3614 -0.864436615664114 1.04367557847886
-0.138382638680065 11 1.30781155581451 -1.46053842327012 -0.0270640789768773 5 3615 -0.864436615664114 1.10761440242285
-0.443704456062124 4 -0.322453578008697 -1.74201889124324 -0.000275314835407245 5 3616 -0.864436615664114 1.17155322636683
-0.0619975468483451 3 -0.466840989216872 -0.520091461357162 -0.344169516122171 5 3685 -0.836866338368251 0.85185910664692
-0.718880870652824 6 -0.58235091818341 -0.729038418522804 -0.266024218333361 5 3686 -0.836866338368251 0.915797930590902
0.137522065776312 10 2.18988737701353 -1.48370340637187 -0.110872855353015 5 3689 -0.836866338368251 1.10761440242285
1.7934705957535 2 2.18988737701353 0.47283659519129 0.21251308344528 7 3732 -0.809296061072388 -0.874489139840577
-1.06314388804454 2 -0.755615811633219 0.656845410250452 0.266955579310421 7 3738 -0.809296061072388 -0.490856196176688
0.424129114765923 6 0.110708655615825 -0.993206355899932 -0.145561394750315 5 3761 -0.809296061072388 0.979736754534883
0.585165398085037 7 4.12055333259713 -1.50026564290624 -0.114446298435374 5 3763 -0.809296061072388 1.10761440242285
-0.371533167265503 2 0.457238442515443 -1.78937531982442 0.110923349811962 5 3764 -0.809296061072388 1.17155322636683
0.939146605512761 4 -0.149188684558888 0.985006355525756 -0.232786084671137 7 3809 -0.781725783776525 -0.682672668008632
1.7710623357889 3 -0.466840989216872 0.734192522971997 1.14111193561919 7 3814 -0.781725783776525 -0.362978548288726
0.28157799873651 2 -0.235821131283792 0.885166426794248 0.522325578022402 7 3818 -0.781725783776525 -0.1072232525128
-0.69619443690461 7 0.0612044003444523 -1.27885655579043 -0.0162579399205972 5 3836 -0.781725783776525 1.04367557847886
0.101007361974167 23 2.23508691443522 -1.52767447006234 -0.0531248368799752 5 3837 -0.781725783776525 1.10761440242285
-0.445703451538579 35 -0.305127088663716 -1.79682137337645 0.0358282115133777 5 3838 -0.781725783776525 1.17155322636683
-0.0370826270890669 13 -0.529038643275778 -1.8054817641545 0.147035803516133 5 3912 -0.754155506480662 1.17155322636683
-2.26191225838553 2 -0.755615811633219 0.97006114967293 -0.222447096242295 7 3956 -0.726585229184799 -0.746611491952614
0.844728006892632 2 0.457238442515443 0.988672499454246 -0.27232277905044 7 3957 -0.726585229184799 -0.682672668008632
-2.46375735021365 2 0.977033122864869 1.02211643705665 -0.189399489823918 7 3961 -0.726585229184799 -0.426917372232707
1.81705211126074 4 -0.0625562378339837 0.936413378287865 -0.181384429048376 7 4027 -0.699014951888935 -0.938427963784558
-1.802514205872 2 4.96212567221047 0.953564736701147 -0.219455686989684 7 4028 -0.699014951888935 -0.874489139840577
1.34294410625669 4 1.23693046303958 1.00307974573545 -0.285163212927593 7 4033 -0.699014951888935 -0.55479502012067
0.470295575155436 2 -0.235821131283792 -1.77928229319469 -0.0552534252367116 5 4060 -0.699014951888935 1.17155322636683
0.488231002695212 3 -0.351331060250331 0.95364152743597 -0.203153199279228 7 4101 -0.671444674593072 -0.938427963784558
-1.41343872248584 2 0.283973549065634 1.02466556588597 -0.318541358805203 7 4105 -0.671444674593072 -0.682672668008632
-0.0868864629885991 4 2.36315227046334 1.00670795588223 -0.303734901592049 7 4107 -0.671444674593072 -0.55479502012067
0.546317785174591 2 -0.235821131283792 -0.38479196583583 -0.352627416928428 7 4158 -0.643874397297209 -2.02538797083224
1.37286810020836 10 -0.651656875563334 0.563392667898033 0.237789186427455 7 4170 -0.643874397297209 -1.25812208350446
0.598588154916716 3 -0.351331060250331 -0.340455487949162 -0.403072962671514 7 4232 -0.616304120001346 -2.02538797083224
1.48973309858322 2 -0.755615811633219 -0.270120909737442 -0.152759458940421 7 4233 -0.616304120001346 -1.96144914688826
0.0326989364711915 4 -0.668983364908315 -0.197780726190692 -0.309972008869325 7 4234 -0.616304120001346 -1.89751032294428
0.604448365470934 55 -0.0405043423040093 -0.0988935536268703 -0.32464065522733 7 4235 -0.616304120001346 -1.8335714990003
1.70066611618727 2 -0.928880705083028 1.01009285669756 -0.297977111506397 7 4251 -0.616304120001346 -0.810550315896595
0.72572784877946 6 1.15029801631468 1.06035708725137 -0.357812995118941 7 4253 -0.616304120001346 -0.682672668008632
1.3486196813045 3 -0.120311202317254 1.06169703002876 -0.31447481958731 7 4254 -0.616304120001346 -0.618733844064651
0.875135703138069 3 -0.120311202317254 0.96371638247368 -0.238956645616125 7 4257 -0.616304120001346 -0.426917372232707
0.181636911970967 13 0.137364793069643 -0.179253400457034 -0.37553786652387 7 4308 -0.588733842705483 -1.89751032294428
1.77884790451096 4 0.457238442515443 -0.0706920981254568 -0.378485933736886 7 4309 -0.588733842705483 -1.8335714990003
0.452035002461735 2 0.283973549065634 0.3391098967375 -0.328099087854539 7 4312 -0.588733842705483 -1.64175502716835
0.416167480334238 2 -0.0625562378339837 0.870014945808232 -0.135087570393479 7 4319 -0.588733842705483 -1.19418325956048
0.356670508157335 3 -0.928880705083028 0.855780859750974 0.273384909490616 7 4320 -0.588733842705483 -1.1302444356165
0.711782028851737 4 0.19734110234073 -0.255639380214857 -0.450446196202523 7 4381 -0.56116356540962 -1.96144914688826
1.38741836164172 2 3.576006524612 0.795911708118515 -0.243859385313527 7 4391 -0.56116356540962 -1.32206090744845
1.36285141666511 4 -0.58235091818341 0.816503049159396 -0.160114651173378 7 4393 -0.56116356540962 -1.19418325956048
1.25037094954864 5 0.180014612995749 0.824937285966483 0.0742855169330396 7 4394 -0.56116356540962 -1.1302444356165
2.32226470230713 2 -0.0625562378339837 1.01024837048507 -0.223653822670458 7 4400 -0.56116356540962 -0.746611491952614
0.847057063294933 4 -0.668983364908315 1.0063381539595 -0.331470103110325 7 4402 -0.56116356540962 -0.618733844064651
1.17586710565269 5 2.95225290819269 0.199762902556165 -0.0446650805470804 7 4460 -0.533593288113756 -1.64175502716835
1.56330627190006 5 0.942380144174908 0.283473429662408 0.0338497615296524 7 4461 -0.533593288113756 -1.57781620322437
-1.24346458881506 7 -0.730863683997533 0.40021706658348 0.0248805482583163 7 4462 -0.533593288113756 -1.51387737928039
-0.0483310111766528 5 -0.513044960803486 0.527758702350297 0.106923702140068 7 4463 -0.533593288113756 -1.44993855533641
0.244741550316988 5 0.0414026982359016 0.638485096441511 0.152219820375997 7 4464 -0.533593288113756 -1.38599973139243
1.88292766546528 2 -0.235821131283792 0.749671336142257 0.0687639329552738 7 4466 -0.533593288113756 -1.25812208350446
-2.38376790237187 3 -0.120311202317254 0.978368881034018 -0.279568447615987 7 4476 -0.533593288113756 -0.618733844064651
-2.50878435311321 3 -0.697860847149948 0.973658018054078 -0.0500317780124478 7 4479 -0.533593288113756 -0.426917372232707
-2.27155258470802 2 -0.0625562378339837 0.973236622081897 -0.237506216327786 7 4480 -0.533593288113756 -0.362978548288726
0.38879169887616 2 0.110708655615825 0.0523733077417549 -0.280079072588991 7 4532 -0.506023010817893 -1.76963267505632
0.779660800989993 3 -0.697860847149948 0.0826123377887164 -0.102403987476389 7 4533 -0.506023010817893 -1.70569385111233
1.16945163786786 4 0.19734110234073 0.208131312529239 0.614481025626359 7 4535 -0.506023010817893 -1.57781620322437
1.13444690261522 12 -0.58235091818341 0.296422301289572 0.429857126497356 7 4536 -0.506023010817893 -1.51387737928039
0.394160437261788 65 0.953042599156434 0.408605532754278 0.110381320948859 7 4537 -0.506023010817893 -1.44993855533641
1.50426392236821 5 -0.790268790323181 0.625997655943294 0.296651721597258 7 4539 -0.506023010817893 -1.32206090744845
0.79193845199208 6 -0.409086024733601 0.687476884199951 0.610038792902256 7 4540 -0.506023010817893 -1.25812208350446
0.628419758204839 7 0.952280995229183 0.728247194134745 0.277968754526617 7 4541 -0.506023010817893 -1.19418325956048
1.23673578559681 4 0.19734110234073 0.842405884669081 0.0627995932343617 7 4543 -0.506023010817893 -1.06630561167252
1.8492739221323 2 0.80376822941506 0.975462754182694 -0.212996540075139 7 4551 -0.506023010817893 -0.55479502012067
-1.45764156412809 5 -0.305127088663716 0.969116269052366 -0.296209699733771 7 4554 -0.506023010817893 -0.362978548288726
0.999871099189914 7 3.82352780096887 0.0413308059360388 -0.163332168379807 7 4607 -0.47845273352203 -1.70569385111233
1.26313239807566 3 0.110708655615825 0.0759997018854346 0.794885197032789 7 4608 -0.47845273352203 -1.64175502716835
1.90005000274978 5 -0.513044960803486 0.142237495183622 0.80821431096658 7 4609 -0.47845273352203 -1.57781620322437
0.163901550938496 8 0.0240762088909208 0.230169859745563 0.71612951546826 7 4610 -0.47845273352203 -1.51387737928039
0.467085429934957 50 6.76408056408848 0.338078314052931 0.288126781226305 7 4611 -0.47845273352203 -1.44993855533641
0.691125960767668 18 -0.601602573011168 0.435598833487396 0.157283665014916 7 4612 -0.47845273352203 -1.38599973139243
1.40108910128103 4 1.32356290976449 0.080003911081688 -0.234912852496998 7 4683 -0.450882456226167 -1.57781620322437
1.03170294696913 6 -0.293576095767063 0.18766681659236 0.249842129046681 7 4684 -0.450882456226167 -1.51387737928039
0.596551086800742 50 0.145361634305787 0.303353043322639 0.444279993598513 7 4685 -0.450882456226167 -1.44993855533641
0.150810645313855 31 -0.336426553286907 0.393738534037957 0.384943621712054 7 4686 -0.450882456226167 -1.38599973139243
0.884225472852216 9 -0.505344298872385 0.465994134544671 0.576511988042474 7 4687 -0.450882456226167 -1.32206090744845
0.276423380914015 14 -0.136812620741043 0.560304277188786 0.615101731938086 7 4688 -0.450882456226167 -1.25812208350446
0.634331397650348 9 0.110708655615825 0.651012599890511 0.850215341338862 7 4689 -0.450882456226167 -1.19418325956048
1.85193533483533 3 0.226218584582363 0.728761766888874 0.570041728565411 7 4690 -0.450882456226167 -1.1302444356165
-0.630034779533123 5 -0.027903259144022 0.208832815404156 -0.350918226689341 7 4758 -0.423312178930304 -1.51387737928039
0.361583051699943 50 0.207736995947718 0.304018124585461 0.780892428724623 7 4759 -0.423312178930304 -1.44993855533641
-0.285739798650775 14 0.40773418724407 0.3717531608979 0.8130437255707 7 4760 -0.423312178930304 -1.38599973139243
0.513471693690593 19 0.0195166064317161 0.416053392860105 0.820131592901035 7 4761 -0.423312178930304 -1.32206090744845
0.850231334255528 7 -0.483342407640661 0.497544155609287 0.597739637810376 7 4762 -0.423312178930304 -1.25812208350446
0.501205245920049 13 -0.609007055637228 0.583602508054976 0.55433065326392 7 4763 -0.423312178930304 -1.19418325956048
0.502027561392492 28 0.519118761604661 0.308804892628425 0.22155642765224 7 4833 -0.39574190163444 -1.44993855533641
0.512317907163328 10 -0.513044960803486 0.367266613264372 0.898959573678666 7 4834 -0.39574190163444 -1.38599973139243
0.942801551932586 24 0.154024878978277 0.421759448689625 0.703577904805757 7 4835 -0.39574190163444 -1.32206090744845
0.796948727465739 39 -0.34244568109906 0.475089941981883 0.690625061555165 7 4836 -0.39574190163444 -1.25812208350446
0.624068171319177 29 -0.498705797207639 0.542905257190122 0.505570132610593 7 4837 -0.39574190163444 -1.19418325956048
0.369209868451158 4 -0.495718471458506 0.601961683243519 0.403947957941245 7 4838 -0.39574190163444 -1.1302444356165
0.928718605101533 13 -0.34244568109906 0.677953120190496 0.44409502270983 7 4839 -0.39574190163444 -1.06630561167252
0.0284188583994734 13 -0.155852718922343 0.947707670023635 -0.0161622849022404 7 4843 -0.39574190163444 -0.810550315896595
0.335693271859496 29 1.15029801631468 0.977404870732331 -0.226958468818131 7 4844 -0.39574190163444 -0.746611491952614
-0.855447929790156 27 -0.107476765765416 0.997767875876775 -0.350547631236653 7 4845 -0.39574190163444 -0.682672668008632
1.0165622026893 3 1.15029801631468 0.327000664722945 -0.309947399708632 7 4907 -0.368171624338577 -1.44993855533641
0.630169448022879 10 -0.201168152593831 0.380449964992932 0.214882488394875 7 4908 -0.368171624338577 -1.38599973139243
1.7084007432107 2 0.110708655615825 0.438092722386672 0.327413822479738 7 4909 -0.368171624338577 -1.32206090744845
0.492897132660153 2 -0.235821131283792 0.549952427592278 0.603437447946432 7 4911 -0.368171624338577 -1.19418325956048
1.51692270325618 3 -0.120311202317254 0.66649563057615 0.713137715850783 7 4913 -0.368171624338577 -1.06630561167252
0.517010171854786 29 -0.0685308893322546 0.507824100888632 -0.199751790256002 7 4984 -0.340601347042714 -1.25812208350446
1.14708902100575 5 0.110708655615825 0.609194632070007 0.171161365466667 7 4986 -0.340601347042714 -1.1302444356165
-0.0895205969253429 12 -0.611228400425044 0.896967500234591 0.268941746218053 7 4991 -0.340601347042714 -0.810550315896595
-1.12626895255763 3 -0.466840989216872 0.998586602672052 -0.223678327256144 7 4993 -0.340601347042714 -0.682672668008632
1.80517247046428 2 -0.0625562378339837 0.764525041327088 0.0604649171965124 7 5063 -0.313031069746851 -0.938427963784558
0.0968583382719123 17 -0.0727482903898538 0.851743185240428 0.0134330505288177 7 5065 -0.313031069746851 -0.810550315896595
-0.341051349369414 7 -0.0378041101982971 0.877785276322829 -0.291777950812044 7 5066 -0.313031069746851 -0.746611491952614
0.167341307844076 8 0.890400676139965 0.805013389709182 0.161040358760658 7 5138 -0.285460792450988 -0.874489139840577
0.77319507301616 5 -0.166515173903869 0.829672059508281 -0.000944168735872641 7 5139 -0.285460792450988 -0.810550315896595
1.30699292757441 2 0.283973549065634 0.854627211701329 -1.26470301160168 7 5140 -0.285460792450988 -0.746611491952614
1.15606202406238 3 -0.58235091818341 0.958112417178262 0.152294810261618 1 6110 0.0729528123952335 -0.235100900400763
-1.13258038512431 5 -0.443739003423563 -0.35121047287234 -0.940543561713591 4 6128 0.0729528123952335 0.915797930590902
-0.773645821935547 2 0.110708655615825 -0.572930563395647 -1.01753915149171 4 6130 0.0729528123952335 1.04367557847886
-1.34727993656833 2 -0.928880705083028 0.474877913826149 0.338813504797858 1 6197 0.100523089691097 0.596103810870995
1.7524636718225 2 -0.928880705083028 -0.404267381732704 0.0293612866532487 4 6202 0.100523089691097 0.915797930590902
-0.914440502020354 3 0.226218584582363 -0.498095429030564 0.380613402954178 4 6203 0.100523089691097 0.979736754534883
-0.61812003847943 3 -0.697860847149948 -0.40977620342975 0.291950359263198 4 6276 0.12809336698696 0.915797930590902
-2.11047943138967 5 -0.651656875563334 -0.56637940947863 0.634442513934079 4 6425 0.183233921578686 0.979736754534883
-1.39346258254306 2 -0.755615811633219 -0.669012211616755 0.439556506294425 4 6426 0.183233921578686 1.04367557847886
-1.07294364666855 2 -0.928880705083028 -0.711103871032104 0.71847954033401 4 6500 0.210804198874549 1.04367557847886
-1.15343113350773 3 -0.58235091818341 -0.752328728600228 -0.869317598345351 4 6574 0.238374476170413 1.04367557847886
1.17095944885022 2 0.977033122864869 1.10418519800859 0.0276158176171539 1 6630 0.265944753466276 -0.1072232525128
-0.56052402552818 4 -0.409086024733601 -0.907729720012759 0.655591500923301 4 6649 0.265944753466276 1.10761440242285
0.368405794227622 48 0.269534807944816 0.962098617385095 -0.276371115705549 1 6701 0.293515030762139 -0.299039724344744
-0.851058103894641 7 0.110708655615825 -0.943629051059788 0.870836653248425 4 6723 0.293515030762139 1.10761440242285
-0.0207357159294056 4 -0.668983364908315 -1.05433633876904 -0.215660387547709 4 6726 0.293515030762139 1.29943087425479
0.4880373220754 4 -0.842248258358123 -0.798315155662153 -0.953118348321776 4 6796 0.321085308058002 1.04367557847886
0.186341845287181 6 -0.640105882666681 -1.12538815569886 0.135107014816267 4 6799 0.321085308058002 1.23549205031081
0.494610846056499 11 -0.897377997183063 0.762860112006715 -1.30674292553985 1 6841 0.348655585353865 -0.810550315896595
-0.915182159580901 9 -0.312827750594818 -0.761999918472361 -0.302807543488698 4 6870 0.348655585353865 1.04367557847886
-0.250238200732172 11 -0.267323839183757 -1.13971749074618 0.244828721590024 4 6873 0.348655585353865 1.23549205031081
-1.94139332251189 2 -0.755615811633219 -1.1509117278689 -0.386803757292585 4 6875 0.348655585353865 1.36336969819877
0.962436336805267 2 -0.755615811633219 -1.62555421459424 0.0076231877925842 4 6877 0.348655585353865 1.49124734608673
1.94783664902734 2 -0.928880705083028 0.71834281290272 0.110283242670162 1 6915 0.376225862649728 -0.810550315896595
0.461528228112431 15 -0.674758861356643 0.771579789323758 0.115557833887117 1 6916 0.376225862649728 -0.746611491952614
-0.00129252999837459 2 -0.58235091818341 -1.06504351820867 0.946229678818598 4 6946 0.376225862649728 1.17155322636683
0.000991073024016365 12 0.139586137857459 -1.14536917516919 0.272071999948036 4 6947 0.376225862649728 1.23549205031081
0.477679981523789 61 -0.531223572575269 0.758897719705207 0.432730675723725 1 6990 0.403796139945592 -0.746611491952614
-0.736077685067038 15 -0.767166804529872 0.793192564926258 0.296925077001862 1 6991 0.403796139945592 -0.682672668008632
-0.466787656947975 13 -0.928880705083028 0.820138253382823 0.158782336920497 1 6992 0.403796139945592 -0.618733844064651
-2.26191225838553 2 -0.755615811633219 -0.732089490943251 -0.490752370148091 4 7018 0.403796139945592 1.04367557847886
-1.3400538484081 10 -0.339780067353678 -0.902496825931228 0.173544446725735 4 7019 0.403796139945592 1.10761440242285
-0.278095655204275 20 0.370605995790538 -1.1327973722931 0.159750102810496 4 7021 0.403796139945592 1.23549205031081
2.0622514075949 2 -0.755615811633219 0.841835479499979 0.0340822093988138 1 7066 0.431366417241455 -0.618733844064651
-0.541599613431582 9 -0.890377395427515 0.825478060960575 0.276977471006605 1 7070 0.431366417241455 -0.362978548288726
-1.37774068880749 8 -0.409086024733601 -0.769844855092524 -0.373063468799983 4 7092 0.431366417241455 1.04367557847886
-1.38859797050617 2 -0.928880705083028 -0.921251118923528 0.244903762669626 4 7093 0.431366417241455 1.10761440242285
-0.224724455993179 18 0.41873513285993 -1.13332406635504 0.0925098590747536 4 7095 0.431366417241455 1.23549205031081
0.798260377332451 2 -0.928880705083028 -1.62824610106576 -0.422816871879227 4 7099 0.431366417241455 1.49124734608673
0.59940740391981 14 -0.928880705083028 0.758497062496375 0.33870521834446 1 7138 0.458936694537318 -0.746611491952614
-1.39346258254306 2 -0.928880705083028 0.853804724829291 0.0883943563471133 1 7140 0.458936694537318 -0.618733844064651
-0.160292865477249 5 0.457238442515443 -0.50263174592334 -2.48085513393211 4 7164 0.458936694537318 0.915797930590902
-0.531883608219163 12 0.255096066824 -0.665844415818956 0.15912717438207 4 7165 0.458936694537318 0.979736754534883
0.311284178297555 3 -0.58235091818341 -0.788859958346793 0.808361365336897 4 7166 0.458936694537318 1.04367557847886
-0.813607978483339 2 -0.755615811633219 0.839806040216899 0.188203097126273 1 7214 0.486506971833181 -0.618733844064651
-2.58243119426046 3 -0.697860847149948 -0.265848889132802 -2.69526882158183 4 7237 0.486506971833181 0.85185910664692
-0.357757596842192 9 0.765264919759548 -0.490511136499309 0.17090650714545 4 7238 0.486506971833181 0.915797930590902
-1.01583246818921 15 0.711360286241828 -0.647886717023611 0.375939769657762 4 7239 0.486506971833181 0.979736754534883
0.613201364266403 22 -0.881626643233079 0.799016191546517 0.208532199448313 1 7290 0.514077249129044 -0.490856196176688
-0.022314252893438 38 -0.627946942775465 0.814471897392132 0.254403547707509 1 7291 0.514077249129044 -0.426917372232707
0.497260876677601 2 0.457238442515443 -0.495257506499649 -0.687813937929844 4 7312 0.514077249129044 0.915797930590902
-0.447544100231972 7 0.40773418724407 -0.620906182864135 -0.398246024258024 4 7313 0.514077249129044 0.979736754534883
-0.178515577523711 5 2.12058141963361 -0.502929703225073 -0.619467697025335 4 7386 0.541647526424907 0.915797930590902
0.57917466518143 16 -0.47406035977728 0.635307800970298 0.65960954115084 1 7438 0.569217803720771 -0.490856196176688
-1.06572832229744 4 -0.755615811633219 -0.456408065527467 -1.42714273558276 3 7459 0.569217803720771 0.85185910664692
-1.1760057493307 6 -0.755615811633219 -0.543979416804302 0.411259254155303 3 7460 0.569217803720771 0.915797930590902
0.576274482001894 39 -0.413528714309236 0.602036429523607 1.10145609222339 1 7512 0.596788081016634 -0.490856196176688
-0.22475901530479 2 1.15029801631468 0.344359795395862 -0.464457735548332 1 7530 0.596788081016634 0.660042634814976
-1.45937549103796 5 -0.513044960803486 -0.551513052111606 -0.920833944062368 3 7533 0.596788081016634 0.85185910664692
-1.38988905265306 14 -0.334829641826542 -0.619635546346348 1.22192353106736 3 7534 0.596788081016634 0.915797930590902
0.670605437458034 11 -0.70836174978327 -0.685522463681454 1.08954978873598 3 7608 0.624358358312497 0.915797930590902
-3.11805259611573 4 0.977033122864869 0.255549898368683 -0.0905420065634813 3 7678 0.65192863560836 0.660042634814976
-1.35167501145115 7 0.90277673995781 0.102926186661057 -1.57035165465017 3 7679 0.65192863560836 0.723981458758958
0.82290207436493 6 -0.755615811633219 -0.529574311841614 -0.109227201709064 3 7681 0.65192863560836 0.85185910664692
0.155456031192457 7 -0.879376449811655 -0.697427493477863 1.32655688590664 3 7682 0.65192863560836 0.915797930590902
-0.512174392502787 3 -0.466840989216872 0.797982012198551 1.28456065488118 1 7741 0.679498912904223 -0.0432844285688189
-1.65337313218967 9 -0.774867466460977 0.159571069938027 0.59965589295482 3 7753 0.679498912904223 0.723981458758958
0.129117991535665 9 -0.274324440939305 -0.105647218905697 0.460448647632406 3 7754 0.679498912904223 0.787920282702939
0.598551596135793 14 -0.433838152369288 -0.425229020391215 0.137773863356634 3 7755 0.679498912904223 0.85185910664692
-1.00967012947813 8 -0.625667141545862 -0.665345396934929 1.69406461301554 3 7756 0.679498912904223 0.915797930590902
0.484359652290322 2 -0.928880705083028 0.0380546135092393 1.41228254676678 3 8197 0.844920576679402 0.723981458758958
-0.543142920416694 18 -0.640105882666681 1.01769250461359 -0.489475459730625 3 9003 1.1481936269339 0.212470867207107
-0.792041539247911 4 -0.755615811633219 1.02424744197219 0.259714917081375 3 9077 1.17576390422976 0.212470867207107
1.40665290227535 2 -0.755615811633219 1.03045809834494 0.140472472643858 3 9078 1.17576390422976 0.276409691151088
0.29656489301843 2 -0.755615811633219 1.0360688852226 -0.12408836419171 3 9079 1.17576390422976 0.340348515095069
0.315826387190873 22 0.756514167565111 1.03765368503687 0.339397772153256 3 9151 1.20333418152562 0.212470867207107
0.0819068317631698 13 -0.875568430175396 1.0126264183297 0.115717003440817 3 9153 1.20333418152562 0.340348515095069
-0.0625801793285774 26 0.817096298141969 1.03903873011702 0.166428807009013 3 9225 1.23090445882149 0.212470867207107
0.686626343681553 25 -0.554628535231441 0.995468587664534 0.298316448739878 3 9227 1.23090445882149 0.340348515095069
0.935738663274255 9 -0.659357537494435 0.969666860431799 0.209410197629729 3 9228 1.23090445882149 0.404287339039051
-0.810592279673595 2 0.110708655615825 -0.0630469504838974 -0.00403755082175566 3 9231 1.23090445882149 0.596103810870995
0.504351803925749 10 1.4968278032143 -0.807714745018431 2.84572845661359 3 9232 1.23090445882149 0.660042634814976
-0.565901898222332 2 -0.755615811633219 1.00615667994079 0.00276717451936868 3 9300 1.25847473611735 0.276409691151088
0.480390345030444 13 -0.555694780729592 0.976278391438601 0.290663649189454 3 9301 1.25847473611735 0.340348515095069
0.869974084614641 10 -0.166515173903869 0.225415876762769 -0.217510719624224 3 9304 1.25847473611735 0.532164986927013
-2.26554117200332 2 -0.755615811633219 -1.31663947183128 5.78031947409903 3 9306 1.25847473611735 0.660042634814976
-0.736437311449556 14 -0.235821131283792 1.08298511138889 -0.514628103634982 3 9372 1.28604501341321 0.148532043263125
0.147968732701732 8 -0.58235091818341 0.905642057063419 -0.40671053161196 3 9597 1.3687558453008 0.340348515095069
0.253712937857753 3 -0.697860847149948 0.634051595309076 -0.371323990589022 3 9598 1.3687558453008 0.404287339039051
-0.892942951165637 2 -0.755615811633219 0.0790249746941554 -0.35127770426696 3 9599 1.3687558453008 0.468226162983032
0.64470636840685 10 -0.270474109973754 0.0115221353085524 -0.164900808149973 3 9673 1.39632612259667 0.468226162983032
-1.75117205469079 3 -0.00480127335071302 -0.690252718835547 2.89866825419312 3 9674 1.39632612259667 0.532164986927013
-0.175984391813499 24 0.948155640623235 0.569584649016313 0.19423421771283 3 9746 1.42389639989253 0.404287339039051
-0.145014341575532 6 -0.351331060250331 0.0657901440322214 0.214404321965355 3 9747 1.42389639989253 0.468226162983032
1.13977707625151 2 -0.755615811633219 0.507848700070743 0.257531057646979 3 9820 1.45146667718839 0.404287339039051
-1.78963981137091 4 -0.495718471458506 -0.0220341359555529 0.872431017255848 3 9821 1.45146667718839 0.468226162983032
0.513616304902194 4 -0.409086024733601 0.925091669746997 0.481665901985775 3 9882 1.47903695448426 -0.362978548288726
0.25471478132148 31 -0.604707678628547 0.701437400333429 0.713208412710152 3 9892 1.47903695448426 0.276409691151088
-1.80893235301337 2 -0.235821131283792 -1.45470282886355 5.07969977480805 3 9897 1.47903695448426 0.596103810870995
-0.435233924515859 2 -0.58235091818341 0.928153130915106 0.327032117000933 3 9955 1.50660723178012 -0.426917372232707
-0.33054540209743 7 -0.18631687601242 0.990460096431192 -0.462927370047086 3 9958 1.50660723178012 -0.235100900400763
-1.2240334904442 3 -0.235821131283792 1.09760954967122 -0.289803241444464 3 9959 1.50660723178012 -0.171162076456782
0.895013158746357 2 -0.755615811633219 1.10232110130941 -0.361093465997035 3 9960 1.50660723178012 -0.1072232525128
0.547726320618346 6 -0.466840989216872 1.05786507737182 -0.0934573970162658 3 9962 1.50660723178012 0.0206543953751625
-1.26358271203991 7 -0.384333897097915 0.965487571572727 -0.110924958792241 3 10031 1.53417750907598 -0.299039724344744
-1.58873692132769 4 0.543870889240347 1.06073421438014 -0.406542402112502 3 10032 1.53417750907598 -0.235100900400763
-0.948485454533754 2 -0.58235091818341 1.08351315771513 -0.465332269982509 3 10033 1.53417750907598 -0.171162076456782
0.401121991683052 2 0.630503335965252 1.09347395417324 -0.426697567915566 3 10035 1.53417750907598 -0.0432844285688189
-0.168811899466168 8 1.62677647330165 1.06172303074301 -0.307718957106985 3 10036 1.53417750907598 0.0206543953751625
-1.06929799703426 2 -0.928880705083028 0.717046872143119 0.349916832067387 3 10039 1.53417750907598 0.212470867207107
1.01714626953378 2 -0.0625562378339837 0.972896173718885 -0.368163524859781 3 10101 1.56174778637184 -0.55479502012067
-2.36854021575864 5 -0.027903259144022 0.984780513488788 -0.302051802801081 3 10103 1.56174778637184 -0.426917372232707
-1.42538840211048 13 -0.688975467998678 1.0291008370866 -0.193062369465945 3 10104 1.56174778637184 -0.362978548288726
-0.809616530316948 4 -0.842248258358123 1.05192062465869 -0.396782766794561 3 10105 1.56174778637184 -0.299039724344744
0.151652078531485 4 0.543870889240347 1.09271585127197 -0.148996914666824 3 10109 1.56174778637184 -0.0432844285688189
-0.114930545766304 5 -0.166515173903869 1.04206211587838 -0.234607293396379 3 10110 1.56174778637184 0.0206543953751625
0.574442991772472 3 0.341728513548905 0.960047895525946 -0.168143954158528 3 10111 1.56174778637184 0.0845932193191439
1.47346286741848 3 -0.235821131283792 0.870370508072266 -0.111381825494751 3 10112 1.56174778637184 0.148532043263125
0.977648064625608 5 -0.027903259144022 0.717146020942954 0.514443758320208 3 10113 1.56174778637184 0.212470867207107
-0.982536524802048 3 1.38131787424776 -0.964818033192853 2.22634876190229 3 10119 1.56174778637184 0.596103810870995
0.88822208372332 2 2.18988737701353 0.980246666164181 -0.406843558787758 3 10174 1.58931806366771 -0.618733844064651
0.759623384049008 2 -0.755615811633219 1.00427055906998 -0.335582970570664 3 10183 1.58931806366771 -0.0432844285688189
0.56582035372662 2 0.457238442515443 0.982439097000968 -0.236430113416201 3 10184 1.58931806366771 0.0206543953751625
0.857541832941214 2 -0.755615811633219 0.931752389238648 -0.180001014965687 3 10185 1.58931806366771 0.0845932193191439
1.55186283054313 2 -0.755615811633219 0.836194544297888 -0.0345653013053934 3 10186 1.58931806366771 0.148532043263125
-1.26625194607354 9 1.88186089976942 -0.665835089858624 0.23061735464851 3 10193 1.58931806366771 0.596103810870995
-0.855750421866168 9 1.2273046356257 -0.398698899858087 0.660089702901247 3 10267 1.61688834096357 0.596103810870995
-0.635111150158801 7 1.69484482429979 -0.180162419331134 -0.218159848619796 3 10489 1.69959917285116 0.596103810870995
-1.14691922202048 2 -0.755615811633219 1.00963007718022 0.596387217706057 3 10546 1.72716945014702 -0.490856196176688
-0.769279680507789 15 2.53641716391315 -0.138642525735499 -0.171983137510658 3 10563 1.72716945014702 0.596103810870995
-0.602418592642467 3 0.110708655615825 1.01987770538608 -4.33849292985671 3 10702 1.78231000473875 0.0206543953751625
-0.211499328767596 2 -0.0625562378339837 0.987460935356471 -3.20888756535548 3 10703 1.78231000473875 0.0845932193191439
0.0285034025082898 12 0.890400676139965 1.02524976239339 -0.436814813112816 3 10776 1.80988028203461 0.0206543953751625
-0.457685872294377 7 0.80376822941506 1.00237168255815 -1.33590212673976 3 10777 1.80988028203461 0.0845932193191439
-1.19315273242205 4 0.0240762088909208 1.06616123805421 -7.66097639602489 3 10924 1.86502083662634 0.0206543953751625
-1.72752313315856 5 0.318626527755596 1.00984457912013 -1.22023205449376 3 11063 1.92016139121807 -0.55479502012067
-1.83475718609401 8 0.717135782690156 1.00066698757155 -0.353828358750833 3 11136 1.94773166851393 -0.618733844064651
-0.979132045268973 2 1.6700926966641 1.0108055380944 -2.32984724036472 3 11137 1.94773166851393 -0.55479502012067
-1.33224279322102 11 1.18180072421464 0.889124958013286 -0.196043891157836 3 11209 1.97530194580979 -0.682672668008632
-0.650120698003307 5 1.77405163273399 0.907788256560478 -0.212989625726455 3 11210 1.97530194580979 -0.618733844064651
-0.664954268365919 4 0.457238442515443 0.828361525426919 0.826692322582645 3 11283 2.00287222310566 -0.682672668008632
-2.80741443435224 2 0.457238442515443 0.810397453130035 -0.679080999882929 3 11284 2.00287222310566 -0.618733844064651
0.972106497953393 2 2.18988737701353 -0.553795109109674 -0.342822096373511 3 11306 2.00287222310566 0.787920282702939
