"x" "y" "cell" "GD_mean" "nb_species" "nb_indv_mean" "cloMeanVal" "bathyVal" "O2" "SST" "regions"
-0.800804582318335 0.207390160019604 3531 0.0267712830445135 5 4.08020633609836 0.507142895756162 0.468922561114196 -0.995108757973966 0.994237126868464 "atlantic"
-0.0885110866778731 0.879770889346321 5986 -0.711780120465913 2 3.80496583475809 -0.447548684964809 -0.240012413266314 0.543767094070614 -0.472096590333604 "atlantic"
-0.0669264352948289 0.828049294782728 6059 -0.774085944876661 5 13.7886894742824 -0.452814104055197 -0.300304065302352 0.274725681094896 -0.393560924196228 "atlantic"
-0.0453417839117846 0.828049294782728 6133 -0.810356027976309 3 7.433136079698 -0.414698457758626 0.334431040362827 0.22534207380487 -0.397182420336792 "atlantic"
-1.23249760997922 0.724606105655541 2061 -1.25417246638437 6 3.13771613453925 1.02475572949291 0.764831870514758 0.579585758396334 -0.534979530971683 "indopacific"
-1.18932830721313 0.465998132837572 2204 -0.461391777611221 57 3.95641395750512 0.226515632057132 0.810866604543561 -0.137292703388696 -0.157747500909678 "indopacific"
-0.77921993093529 -1.65458724426977 3569 1.25111601424697 2 2.92920060322088 -0.536448156985684 -2.07013824242775 -0.206322127809907 -0.0138818300571735 "indopacific"
1.46558381290132 0.465998132837572 11306 1.30483155545722 4 2.99175526261639 0.664483224686993 0.509331603760075 -0.539760503118917 0.357421317234848 "indopacific"
1.61667637258263 -1.3442576768882 11789 -0.764767357048571 5 3.47968160590141 -0.277702824275915 0.489559752610313 -1.03526731137412 0.882823135045031 "indopacific"
