"x" "y" "cell" "GD_mean" "nb_species" "nb_indv_mean" "cloMeanVal" "bathyVal" "O2" "SST" "regions"
-0.973481793382689 0.103946970892417 2937 1.28109737570092 6 0.00998316476347725 -0.00625686369289893 0.469507134365958 -1.0518217865584 0.996796766944545 "atlantic"
-0.951897141999644 0.000503781765229795 3009 0.700538681277222 5 0.0767081347853613 -0.374852223443752 0.491343702244826 -1.0518217865584 1.1192195261953 "atlantic"
-0.9303124906166 1.0349356730371 3103 0.141256286238756 11 1.54162452208399 0.124049555035083 0.450601461080188 1.48887723384233 -1.70440022083854 "atlantic"
-0.887143187850512 0.0522253763288234 3232 -0.100053707470411 13 0.253785939843437 0.971507692252044 0.494369440955302 -1.0518217865584 1.06539007395544 "atlantic"
-0.887143187850512 0.362554943710385 3238 1.01811980006651 3 -0.0734230477638762 4.16395976249167 0.518332001891681 -0.834405075057135 0.831929100645038 "atlantic"
-0.865558536467467 -0.102939407361957 3303 0.878456532936423 10 -0.223554230313114 -0.25163661810532 0.614387966920167 -1.0518217865584 1.22214823957948 "atlantic"
-0.865558536467467 -0.0512178127983638 3304 0.495797256528014 255 1.0275389575972 -0.396308765838136 -0.55525028514467 -1.0518217865584 1.1890605301971 "atlantic"
-0.865558536467467 0.000503781765229795 3305 0.409451742626125 110 0.488431529352211 0.181643388634681 -0.0659459872027488 -1.0518217865584 1.13830302281095 "atlantic"
-0.865558536467467 0.0522253763288234 3306 0.210146498969745 23 0.089763020224426 -0.465660119748195 0.396983179294662 -1.0518217865584 1.10789311351925 "atlantic"
-0.865558536467467 0.103946970892417 3307 1.33073428329792 8 -0.323641685345939 -0.242345176265515 0.43801640944804 -1.0518217865584 1.07297849508164 "atlantic"
-0.865558536467467 0.362554943710385 3312 0.794495947659018 5 0.276883044851012 2.19271250648822 0.502707284150429 -0.865127102658759 0.832210274415639 "atlantic"
-0.843973885084423 0.0522253763288234 3380 0.0637484691547688 3 -0.323641685345939 -0.571466255228064 -1.89815329133517 -1.0518217865584 1.14127935769879 "atlantic"
-0.843973885084423 0.103946970892417 3381 -1.04614452896943 4 -0.261087025950423 -0.549525298361786 -0.568493419838463 -1.0518217865584 1.09782831648681 "atlantic"
-0.800804582318335 0.103946970892417 3529 0.152875536691885 25 -0.153493011790136 0.355615690164883 0.0950048221486697 -1.05140970453236 1.12180175531883 "atlantic"
-0.800804582318335 0.155668565456011 3530 -0.576106142317809 3 1.17767014014644 -0.401256219296362 -0.0666684229348724 -1.02808447484105 1.06842302945175 "atlantic"
-0.800804582318335 0.207390160019604 3531 0.0267712830445135 5 4.08020633609836 0.507142895756162 0.468922561114196 -0.995108757973966 0.994237126868464 "atlantic"
-0.800804582318335 0.310833349146792 3533 -0.290837301721329 22 -0.403256706394777 0.177024868780974 0.485397360761163 -0.935968655752056 0.86875174625707 "atlantic"
-0.77921993093529 0.207390160019604 3605 -0.148627334193874 4 1.74066207470608 -0.331909301388944 0.242090868623087 -1.02040063767772 0.987740062586765 "atlantic"
-0.77921993093529 0.259111754583198 3606 0.666261326270608 72 0.0308347178953173 -0.417066234735421 0.224003499651588 -0.98720839740084 0.925455754101024 "atlantic"
-0.77921993093529 0.465998132837572 3610 -0.906787892630584 4 -0.386196344741455 0.842249053652061 0.522037003122817 -0.750781298645353 0.656822414748536 "atlantic"
-0.757635279552246 0.207390160019604 3679 0.561406687225463 42 -0.264065819254971 -0.394977571423386 -0.480945235363029 -1.0511356418688 0.981761738054502 "atlantic"
-0.757635279552246 0.56944132196476 3686 -1.2398101827797 3 -0.240235472818586 10.4106671872541 0.548986709667922 0.00575664842366057 0.0887174871325715 "atlantic"
-0.736050628169202 0.465998132837572 3758 0.5224210947095 5 -0.373685412862351 -0.146570921488243 -0.749244328271337 -0.755024943554624 0.569174303166253 "atlantic"
-0.736050628169202 0.517719727401166 3759 -0.0854255253147322 11 -0.0734230477638762 1.06684665606698 0.244342778905409 -0.519918335838602 0.394753132907591 "atlantic"
-0.736050628169202 0.56944132196476 3760 0.626404816660145 6 0.176795589818186 2.65180357976599 0.469106460763115 -0.193057921635749 0.160922937647694 "atlantic"
-0.736050628169202 0.621162916528353 3761 -0.613838624508906 4 -0.0734230477638762 4.74495046078696 0.611188506762454 0.198100702124621 -0.17076293433021 "atlantic"
-0.714465976786157 0.56944132196476 3834 -0.463459200740576 3 -0.407047897873292 -0.352491158654352 -0.364382020544445 -0.268781763563189 0.161508170469161 "atlantic"
-0.714465976786157 0.621162916528353 3835 1.01029069305575 11 -0.0506758988927799 1.1223214031494 0.478361765859769 0.110945822608128 -0.15393393607219 "atlantic"
-0.692881325403113 0.103946970892417 3899 1.69157295123849 3 -0.0734230477638762 -0.548850710778355 -2.33970853605401 -1.0518217865584 1.05302147527577 "atlantic"
-0.692881325403113 0.672884511091947 3910 -0.511746683413899 5 -0.523816595411589 1.35431248732599 0.543931773913678 0.394304703886732 -0.488594092987547 "atlantic"
-0.692881325403113 0.776327700219134 3912 -1.70074809994914 11 -0.25540023873265 3.81095113040883 0.762273057295597 0.840153046570252 -1.03656922401062 "atlantic"
-0.671296674020069 -0.206382596489145 3967 -0.060960897648689 77 -0.219654719078068 -0.450936288026505 -0.42905532056754 -1.0900820080687 1.09290639281785 "atlantic"
-0.671296674020069 0.621162916528353 3983 -1.18314398979014 3 -0.407047897873292 -0.162975944300182 0.0599503059118419 0.00712684149362828 -0.138349235197582 "atlantic"
-0.671296674020069 0.672884511091947 3984 -1.16805081011533 6 -0.532157216664324 -0.185863825681675 0.359348855896313 0.338749798775565 -0.460426732435877 "atlantic"
-0.671296674020069 0.828049294782728 3987 -1.57577105934521 4 -0.198532366554908 2.6126029331253 0.69933580578769 0.874805965801645 -1.25375121698159 "atlantic"
-0.649712022637025 -1.96491681165133 4007 -1.4077481788635 5 -0.423729140378764 -0.00409205788789852 0.558363283217046 0.587899540825987 -0.679194230207622 "atlantic"
-0.649712022637025 -0.258104191052738 4040 -0.233989669822985 3 0.093389377290833 -0.466841239843702 0.303577515672446 -1.07695467195055 1.08787516279979 "atlantic"
-0.649712022637025 -0.0512178127983638 4044 0.291416774799615 45 2.31755504468696 -0.552952064062424 -2.27446159062387 -1.0518217865584 1.09398963546464 "atlantic"
-0.649712022637025 0.000503781765229795 4045 0.703815080075673 5 -0.373685412862351 -0.568150340767726 -1.83238583933846 -1.0518217865584 1.08999623783851 "atlantic"
-0.649712022637025 0.621162916528353 4057 -0.0544072866293504 11 -0.391883131959228 -0.34803531251554 -0.666098315169535 -0.0341553556028219 -0.124537475840316 "atlantic"
-0.649712022637025 0.672884511091947 4058 -0.736149328302009 9 -0.462652039558197 -0.240811741207405 0.363833629719467 0.247142251816293 -0.434590419967767 "atlantic"
-0.649712022637025 0.724606105655541 4059 0.472473874350777 5 -0.373685412862351 0.421951831721677 0.467107709754515 0.439545353021216 -0.835276946858104 "atlantic"
-0.62812737125398 -1.96491681165133 4081 -0.914678579319132 5 -0.0734230477638762 -0.0882769542998964 0.415450209155319 0.57905101039436 -0.713700512878304 "atlantic"
-0.62812737125398 -1.91319521708773 4082 -0.590700924678881 7 -0.43087824430968 -0.0537015172059327 0.502283338701427 0.504522590289394 -0.579172071308512 "atlantic"
-0.62812737125398 0.000503781765229795 4119 0.353447218714133 59 0.0453247802411704 -0.558189847931015 -1.62056054495119 -1.0518217865584 1.09209809433575 "atlantic"
-0.62812737125398 0.672884511091947 4132 0.861316606113846 10 -0.348663549104145 -0.328817892610471 -0.0730893229731095 0.203590345519848 -0.427996574937294 "atlantic"
-0.62812737125398 0.724606105655541 4133 -0.712211757420632 8 -0.417473674439212 1.00568446074167 0.517618445285296 0.369009570793714 -0.822640299988151 "atlantic"
-0.606542719870936 0.672884511091947 4206 -0.743266225809543 19 -0.257794675455923 -0.420315794783602 -0.622942121987979 0.173970275324065 -0.405982210500521 "atlantic"
-0.606542719870936 0.724606105655541 4207 -0.582672210335745 7 -0.323641685345939 0.261229716786661 0.460683164824134 0.417987355182747 -0.814183073737285 "atlantic"
-0.606542719870936 0.776327700219134 4208 -0.872191358590891 8 -0.542582993230244 0.548208953812748 0.445851428042178 0.729538635094421 -1.10016103480644 "atlantic"
-0.606542719870936 0.828049294782728 4209 0.874143312460555 4 -0.511305663532486 0.0406509472077809 0.404598436538294 0.874754336945282 -1.21126886175621 "atlantic"
-0.584958068487892 -2.27524637903289 4223 -0.721371387053746 4 -0.323641685345939 -0.504960753889371 -1.38583577185284 1.48467718968707 -1.77191857078753 "atlantic"
-0.584958068487892 -1.96491681165133 4229 -0.353225183577586 3 -0.15682926029123 -0.0701087341157783 0.326227828281505 0.654085323047827 -0.749099619724706 "atlantic"
-0.584958068487892 -1.80975202796055 4232 -0.264551762732954 4 -0.323641685345939 -0.109223182066537 0.478220659746261 0.396558599835844 -0.452910563442241 "atlantic"
-0.584958068487892 -0.258104191052738 4262 0.770908852845684 47 -0.387527294941359 0.560152950907781 0.259561374082412 -1.0518217865584 1.14807357546258 "atlantic"
-0.584958068487892 -0.102939407361957 4265 1.00093363720744 10 -0.198532366554908 -0.555794787337607 -1.119150752328 -1.0518217865584 1.10923419197235 "atlantic"
-0.584958068487892 0.672884511091947 4280 -0.955233009975122 5 -0.473772867895176 -0.426269014508721 -1.44482436989312 0.189755298546862 -0.376605619702337 "atlantic"
-0.584958068487892 0.724606105655541 4281 -0.232432853387564 17 -0.338360428733118 -0.0278600016023061 0.423815700769021 0.484895354487415 -0.792857295504707 "atlantic"
-0.584958068487892 0.776327700219134 4282 -0.603734679334889 3 -0.573860322928001 0.256649985327344 0.420473220084327 0.778002770645274 -1.08182460153187 "atlantic"
-0.563373417104847 -1.70630883883336 4308 1.71967287478903 4 -0.261087025950423 6.87318445988201 0.492438593649939 0.188154834275781 -0.147379863943323 "atlantic"
-0.563373417104847 -0.154661001925551 4338 0.936213798468193 13 -0.40063203537119 -0.542544736419669 -1.75310060622103 -1.0518217865584 1.12523494647758 "atlantic"
-0.563373417104847 0.672884511091947 4354 -0.110864632819895 3 -0.323641685345939 -0.457046278245616 -2.36721483080807 0.264095495624851 -0.36176044047884 "atlantic"
-0.563373417104847 0.724606105655541 4355 -0.0358224606086522 12 -0.344493238477777 -0.366892317022458 0.231020532606613 0.540190946294 -0.756130633429226 "atlantic"
-0.541788765721803 -2.27524637903289 4371 -0.617238163921473 6 -0.532157216664324 -0.493120680297742 -0.75386585756402 1.48467718968707 -1.81050331286845 "atlantic"
-0.541788765721803 -1.75803043339695 4381 0.221085565982466 25 0.176795589818186 0.378586387976491 0.453759168871641 0.22299995874804 -0.190763936210073 "atlantic"
-0.520204114338759 -1.70630883883336 4456 1.84239125227989 3 0.176795589818186 0.98516369290729 0.458641033987353 0.00377953858756525 0.0503125183900907 "atlantic"
-0.520204114338759 0.931492483909915 4507 -0.962997662142358 3 -0.490454110400648 -0.393573314316115 0.00914420041357709 1.49373834452092 -1.39163578219473 "atlantic"
-0.498619462955715 0.724606105655541 4577 0.0865744824042129 6 -0.407047897873292 -0.404847081163405 0.268770452557189 0.960108396262677 -0.77204222103794 "atlantic"
-0.498619462955715 0.776327700219134 4578 0.335965469938816 4 -0.44875100413697 -0.394683714007348 0.412478362648991 1.32685141499793 -1.1056554805193 "atlantic"
-0.498619462955715 0.828049294782728 4579 0.601127523338785 3 -0.573860322928001 -0.378650262045316 0.291726039705614 1.46528133854118 -1.26067169123448 "atlantic"
-0.455450160189626 0.776327700219134 4726 -0.573044975958558 4 -0.511305663532486 -0.43048678909547 0.33955368435762 1.16525286879321 -0.929608921532862 "atlantic"
-0.433865508806582 -2.27524637903289 4741 -0.23435535335942 7 -0.359387205000519 -0.462313612336649 -0.737623211069776 1.48467718968707 -1.84682532511246 "atlantic"
-0.412280857423537 -0.723598542125081 4845 0.48165558930093 6 0.468717333663927 2.59446826887035 0.505342471364614 -1.0518217865584 1.12539237238398 "atlantic"
-0.369111554657449 -1.29253608232461 4982 1.36166789444923 3 -0.15682926029123 -0.385572310199643 -0.13857173388407 -0.984895478464633 0.861600073729272 "atlantic"
-0.369111554657449 -1.18909289319742 4984 0.433037954311973 4 -0.323641685345939 0.0203821954329589 0.583206928002652 -1.0503414414567 0.967182734302909 "atlantic"
-0.369111554657449 1.0866572676007 5028 0.985991062881802 9 -0.518256181243099 -0.435490383327431 0.026501817457255 1.04875867471123 -1.27345628998936 "atlantic"
-0.347526903274405 -2.12008159534211 5040 -0.42456395284501 3 -0.323641685345939 -0.324362857210533 -1.33230988294647 1.48147080769041 -1.59979314323094 "atlantic"
-0.347526903274405 -1.08564970407024 5060 0.178515641421136 37 1.27234746247479 -0.546486861093287 -1.5234749453082 -1.0518217865584 1.03912457679783 "atlantic"
-0.347526903274405 -1.03392810950664 5061 0.0691194508922244 13 0.21529076483081 -0.461722048022873 -0.704929882371348 -1.0518217865584 1.06297394561202 "atlantic"
-0.32594225189136 -0.878763325815862 5138 0.323679948282438 4 0.427014227400249 -0.411959274188841 0.769504404509691 -1.0518217865584 1.08955990682881 "atlantic"
-0.32594225189136 0.931492483909915 5173 0.58120524273311 5 -0.423729140378764 -0.435752676001507 -1.09415164289891 0.639177530938582 -0.918491637682647 "atlantic"
-0.304357600508316 1.0866572676007 5250 0.174443455739668 4 -0.573860322928001 -0.440963682390078 -1.19173154658252 0.972344819242806 -1.1795069628832 "atlantic"
-0.282772949125272 -0.723598542125081 5289 -0.26846419338505 18 0.399212156557798 -0.570295281038353 -2.5510310862296 -1.0518217865584 1.08845324585786 "atlantic"
-0.282772949125272 -0.361547380179926 5296 0.348431418647744 21 -0.240235472818586 -0.559225364686033 -2.57974679468773 -1.0518217865584 1.05607633880555 "atlantic"
-0.261188297742227 0.621162916528353 5389 1.06440389267697 7 -0.50236928361884 -0.531155426890707 -0.897259725059651 -0.206322127809907 0.100198891292304 "atlantic"
-0.261188297742227 0.672884511091947 5390 0.898047694391465 27 -0.490454110400648 -0.526073680952442 -1.17859666835188 -0.206322127809907 -0.0104158799492634 "atlantic"
-0.261188297742227 0.828049294782728 5393 -0.807445398010842 4 -0.323641685345939 -0.461149760640113 -1.7500552967243 0.277851706743854 -0.47461428693889 "atlantic"
-0.261188297742227 0.879770889346321 5394 -1.59378436210872 7 -0.323641685345939 -0.432031577565829 -1.6781012104352 0.532389197843902 -0.653513434372534 "atlantic"
-0.239603646359183 0.621162916528353 5463 0.554657041530539 4 -0.511305663532486 -0.536732965892253 -1.10524332407724 -0.206322127809907 0.0811374601664444 "atlantic"
-0.239603646359183 0.672884511091947 5464 0.824721626755529 10 -0.498794731653383 -0.532521106526867 -1.44107744770754 -0.206322127809907 -0.0270122121290905 "atlantic"
-0.218018994976139 1.19010045672788 5548 0.197280154124652 4 -0.135977707159392 -0.278937679609995 1.07691116350879 2.22307903203871 -1.75745834493343 "atlantic"
-0.196434343593095 1.19010045672788 5622 -0.626694628015012 8 -0.16725503685715 -0.25126725556844 0.675227260023085 2.24063915214639 -1.74079717804337 "atlantic"
-0.17484969221005 1.19010045672788 5696 -0.0908920500484073 10 -0.123466775280289 -0.407191201452139 0.376199393998977 2.25150113816094 -1.72685363950307 "atlantic"
-0.131680389443962 -0.620155352997894 5809 0.724250422661789 3 -0.323641685345939 -0.517266785253064 -2.24686538281044 -1.0518217865584 0.989500323472846 "atlantic"
-0.131680389443962 1.19010045672788 5844 1.05999580953787 6 -0.15682926029123 -0.426126230522272 -0.271251389268957 2.18968141807935 -1.69164606737816 "atlantic"
-0.0885110866778731 -1.13737129863383 5947 0.674588557837009 3 -0.240235472818586 -0.579300901481453 -1.67028972169157 -1.0518217865584 0.687333855600467 "atlantic"
-0.0885110866778731 -0.775320136688674 5954 0.955783622381741 3 -0.407047897873292 -0.545404678756956 -1.83642162986821 -1.0518217865584 0.899651340881112 "atlantic"
-0.0885110866778731 -0.723598542125081 5955 1.43527230679569 3 -0.323641685345939 -0.529961797473961 -1.93048251774092 -1.0518217865584 0.901251119616387 "atlantic"
-0.0669264352948289 0.828049294782728 6059 -0.774085944876661 5 13.7886894742824 -0.452814104055197 -0.300304065302352 0.274725681094896 -0.393560924196228 "atlantic"
-0.0453417839117846 0.362554943710385 6124 -0.163589172838526 5 -0.0233793202474636 0.631660816438006 0.979309152519925 -0.206322127809907 0.244845347974863 "atlantic"
-0.0453417839117846 0.517719727401166 6127 0.431374771066238 13 -0.304394097839626 -0.48285675671472 -1.00267693615224 -0.206322127809907 0.139357579548693 "atlantic"
-0.0453417839117846 0.56944132196476 6128 -0.119226844557221 55 -0.168961073022482 -0.188746551481968 0.200694065636137 -0.206322127809907 0.0697217684940075 "atlantic"
-0.0453417839117846 0.621162916528353 6129 -0.0178574350093475 42 0.123177310336317 -0.228703173713486 0.0850208257789966 -0.206322127809907 -0.0565601129962792 "atlantic"
-0.0453417839117846 0.672884511091947 6130 0.942601703701255 18 -0.393146862452068 -0.185419263888584 0.160936869929606 -0.206322127809907 -0.158247128793847 "atlantic"
-0.0453417839117846 0.828049294782728 6133 -0.810356027976309 3 7.433136079698 -0.414698457758626 0.334431040362827 0.22534207380487 -0.397182420336792 "atlantic"
-0.0453417839117846 1.24182205129148 6141 -1.93320144511724 3 -0.573860322928001 -0.431363982607639 -0.186595068065248 2.17278431083378 -1.75335541793086 "atlantic"
-0.0237571325287403 0.465998132837572 6200 0.0341533029862655 4 -0.386196344741455 -0.473174871767795 0.0972039884500174 -0.206322127809907 0.181253339869673 "atlantic"
-0.0237571325287403 0.517719727401166 6201 0.345810869788443 41 -0.134451983759501 -0.324859006321199 0.216077104269074 -0.206322127809907 0.147804846074257 "atlantic"
-0.00217248114569602 0.465998132837572 6274 0.21683196171182 4 0.114240930422671 -0.439191494876405 0.844648360064114 -0.206322127809907 0.192241296638745 "atlantic"
-0.00217248114569602 0.517719727401166 6275 1.40320133638597 3 -0.490454110400648 -0.354979837111181 0.415472651123638 -0.205687949803645 0.17769236836895 "atlantic"
-0.00217248114569602 0.672884511091947 6278 0.888962126686668 19 -0.44216630314797 -0.270738115237525 1.00805287561552 -0.206322127809907 -0.188715401914863 "atlantic"
-0.00217248114569602 0.828049294782728 6281 -1.18207758978982 3 0.00998316476347725 -0.232463862231901 0.438297857651123 0.20890277572533 -0.405262963254557 "atlantic"
-0.00217248114569602 0.879770889346321 6282 0.510472191114257 9 -0.35144375618839 0.127977341183937 0.478709794503729 0.498892094220287 -0.527772822991387 "atlantic"
-0.00217248114569602 0.931492483909915 6283 -2.19897995718901 6 -0.407047897873292 0.404158282920277 0.478278810448848 0.638169156241759 -0.642361824818464 "atlantic"
-0.00217248114569602 1.24182205129148 6289 -0.621953371611391 3 -0.323641685345939 -0.416817065933219 -1.07455455007636 2.09977325973076 -1.73559281364312 "atlantic"
0.0194121702373483 -1.3959792714518 6312 0.214323570783313 3 -0.240235472818586 -0.581761764962926 -3.11153192751256 -0.641506393081951 0.462000011662835 "atlantic"
0.0409968216203925 -1.55114405514258 6383 1.39490512533127 3 -0.407047897873292 -0.573328906367875 -2.59083019613953 -0.231387143873659 0.306775467648867 "atlantic"
0.0409968216203925 0.56944132196476 6424 -0.791385975709023 3 -0.490454110400648 -0.45649254647442 0.594962018600188 -0.204953097874399 0.201037712799323 "atlantic"
0.0409968216203925 0.724606105655541 6427 -1.45160800400279 4 -0.44875100413697 0.233795748967777 0.501075000599596 -0.183169080919976 -0.178753319496487 "atlantic"
0.0409968216203925 0.776327700219134 6428 -0.527436349990858 3 -0.490454110400648 0.612126930098059 0.524680968590535 0.0311830740413408 -0.315053847084324 "atlantic"
0.0409968216203925 0.828049294782728 6429 -0.844064596773512 5 -0.273597957829526 0.340204061904546 0.507361484874235 0.253834463628204 -0.451268355501089 "atlantic"
0.0409968216203925 0.931492483909915 6431 -0.872131423979648 14 -0.216405126382197 0.161917372340482 0.479769793990699 0.58844917794086 -0.672270333734599 "atlantic"
0.0409968216203925 0.983214078473509 6432 -0.626643953771174 16 -0.135977707159392 -0.271362942704902 0.413549401163916 0.638450615000397 -0.725859193668698 "atlantic"
0.0409968216203925 1.0349356730371 6433 0.469774495250337 7 -0.323641685345939 -0.33859576815566 0.378504967536062 0.670970473191197 -0.807531575122052 "atlantic"
0.0625814730034368 0.931492483909915 6505 -1.03604201353855 6 -0.490454110400648 -0.0684733066035883 0.445173198110875 0.589911872723142 -0.682628427253011 "atlantic"
0.0625814730034368 0.983214078473509 6506 -1.66954830426338 3 -0.15682926029123 -0.393103251468561 0.407599259024121 0.637462601369256 -0.726963319330546 "atlantic"
0.0625814730034368 1.0349356730371 6507 0.292634915424004 3 -0.490454110400648 -0.387202874152051 0.376637520849401 0.660600983889034 -0.799088386893611 "atlantic"
0.0841661243864811 0.672884511091947 6574 0.172209641871136 12 -0.0734230477638762 -0.395369921921992 0.23747207556083 -0.205215796312931 0.118253921900993 "atlantic"
0.0841661243864811 0.931492483909915 6579 -0.600529325306588 7 -0.395132724655101 -0.136702303837068 0.448487818252176 0.605416890156703 -0.693768254819218 "atlantic"
0.0841661243864811 0.983214078473509 6580 1.5095189669586 3 -0.490454110400648 -0.382842446224214 0.418944816814382 0.670392141454997 -0.725890357396381 "atlantic"
0.0841661243864811 1.0349356730371 6581 -0.379461945150243 23 -0.0516649053654361 -0.303758304492888 0.300559502968698 0.6586486187244 -0.786304638639965 "atlantic"
0.105750775769525 0.517719727401166 6645 0.633963827941745 4 0.0516862710271551 -0.47884249885159 0.319285119696451 -0.206322127809907 0.218380699656608 "atlantic"
0.105750775769525 0.621162916528353 6647 -0.96743704278703 7 -0.109168567418456 -0.517976433974126 -1.44115350097481 -0.206287554122493 0.161642499523327 "atlantic"
0.105750775769525 0.931492483909915 6653 -0.64546781863458 5 -0.0233793202474636 0.463705794415092 0.450784346158919 0.670004351664596 -0.700502057540539 "atlantic"
0.105750775769525 0.983214078473509 6654 0.342699187073248 12 -0.15682926029123 -0.268100263275724 0.402649062349807 0.70228077870752 -0.725196529532831 "atlantic"
0.12733542715257 -1.75803043339695 6675 0.218250255444276 3 -0.323641685345939 -0.524832070455167 -2.99188949373721 0.0533270554159083 -0.17273246203767 "atlantic"
0.12733542715257 0.724606105655541 6723 -1.33647601180812 12 -0.0317199415001984 -0.504849729187375 1.13601254183341 -0.206322127809907 0.0675757785352436 "atlantic"
0.12733542715257 0.931492483909915 6727 -0.352847780918477 46 0.639156115785041 1.78087693173248 0.463614036356258 0.757132537401737 -0.705082975893909 "atlantic"
0.148920078535614 0.672884511091947 6796 -0.820358179266001 3 -0.240235472818586 -0.5051363535671 0.194200989167859 -0.206322127809907 0.131804815354997 "atlantic"
0.148920078535614 0.724606105655541 6797 -1.2339643643129 8 -0.16725503685715 -0.439730773243033 0.572219074469893 -0.206322127809907 0.0890897162775483 "atlantic"
0.148920078535614 1.0349356730371 6803 -0.629977738279111 3 0.00998316476347725 2.3324296055384 0.822127739249997 0.840203288829589 -0.792473732652547 "atlantic"
0.170504729918658 0.672884511091947 6870 0.40387702087581 11 0.472508525142442 -0.456388718877528 0.529993389905687 -0.206322127809907 0.154177964731029 "atlantic"
0.170504729918658 0.724606105655541 6871 0.237818252228898 7 -0.109168567418456 1.23794572941686 0.607301273818857 -0.206322127809907 0.115029611120303 "atlantic"
0.170504729918658 0.931492483909915 6875 -2.82918672133298 6 -0.365344791609617 3.72277022323832 0.486621374437892 1.17444752369226 -0.73844807910738 "atlantic"
0.170504729918658 0.983214078473509 6876 -0.262998516007144 18 -0.504355145821872 1.64637470195652 0.475815366652546 1.29650012691224 -0.768177759193071 "atlantic"
0.170504729918658 1.0349356730371 6877 -1.58738921257559 11 -0.414630280830324 3.08442163107044 0.690286406329577 1.29634057574666 -0.856562452087868 "atlantic"
0.192089381301703 0.517719727401166 6941 0.266934597635011 69 -0.0552912624318433 -0.53265853726686 0.219383222212208 -0.258670753892764 0.325539270782232 "atlantic"
0.192089381301703 0.621162916528353 6943 -0.262640980912772 4 0.176795589818186 -0.506923670783518 -0.334922327649218 -0.206322127809907 0.207388347726241 "atlantic"
0.192089381301703 0.672884511091947 6944 -0.291454163040433 3 -0.240235472818586 -0.244204687473589 0.790826295353394 -0.206322127809907 0.172168104879229 "atlantic"
0.192089381301703 0.931492483909915 6949 -0.369779041040322 5 -0.523816595411589 3.7382916132321 0.478488896082446 1.5078202309143 -0.772023646764466 "atlantic"
0.213674032684747 -1.55114405514258 6975 -0.496583979759004 4 -0.198532366554908 0.356793419332226 0.308343758080102 -0.142559085141259 0.0377049431319617 "atlantic"
0.213674032684747 0.517719727401166 7015 0.392440204679635 18 0.649430794139861 -0.543857796699001 -1.08384079329164 -0.324304697845898 0.33835251128186 "atlantic"
0.213674032684747 0.672884511091947 7018 0.0184165674118087 7 -0.46662376396426 -0.460566049396288 0.432946802210729 -0.206322127809907 0.181979209291556 "atlantic"
0.213674032684747 0.724606105655541 7019 -0.97043962826803 7 -0.109168567418456 -0.485754268967786 0.775960975253442 -0.206322127809907 0.120018831823329 "atlantic"
0.235258684067791 -1.65458724426977 7047 -0.420257115410943 8 -0.135977707159392 0.471313298514277 0.227042461790381 -0.150772324334653 0.115989790377101 "atlantic"
0.235258684067791 0.465998132837572 7088 0.304912383800119 30 0.0516862710271551 -0.565257455029637 -1.81545166459173 -0.521421096507687 0.376118517522031 "atlantic"
0.235258684067791 0.672884511091947 7092 0.362554684667557 16 -0.120339042310513 -0.514454873586641 0.493716265719831 -0.206252058913258 0.182302953365031 "atlantic"
0.235258684067791 1.0349356730371 7099 -0.906787892630584 6 -0.573860322928001 4.01333769555913 0.468025758133778 2.07340967640384 -0.962824329444164 "atlantic"
0.256843335450835 -1.70630883883336 7120 0.204910344802535 29 -0.220102938760257 -0.338415282278323 0.25639371616148 -0.179025940138175 0.224727115198255 "atlantic"
0.256843335450835 0.56944132196476 7164 -0.670714368214464 8 0.301904908609218 -0.490705386442888 -0.594656275885983 -0.278042163708106 0.276381264563943 "atlantic"
0.256843335450835 0.621162916528353 7165 0.177144368578189 13 -0.0541754602575629 -0.439635536291494 0.768516518762191 -0.208146358995103 0.23439336463659 "atlantic"
0.256843335450835 0.672884511091947 7166 -1.57037635421546 11 -0.187158792119358 -0.378223470099975 1.10375300261203 -0.20713692345122 0.174396070405344 "atlantic"
0.27842798683388 0.465998132837572 7236 0.5064378557293 7 -0.395132724655101 -0.564484467984523 -1.50081131034445 -0.548925616960792 0.355656423258901 "atlantic"
0.27842798683388 0.56944132196476 7238 0.514222220955159 16 0.427014227400249 -0.299769797881127 0.774598857235285 -0.278082661676315 0.258463550142105 "atlantic"
0.27842798683388 0.621162916528353 7239 0.193884362026985 29 0.219936734228887 -0.136322706998226 0.880469174841019 -0.201144361422327 0.212058255101412 "atlantic"
0.300012638216924 0.56944132196476 7312 -0.622093307330559 5 0.326926772367424 -0.517489502571125 0.33119272331982 -0.246728917727588 0.251021943631529 "atlantic"
0.300012638216924 0.621162916528353 7313 0.638450983697523 20 -0.148488639038495 -0.463692183997896 0.480713082178786 -0.0785061072563804 0.141759038300338 "atlantic"
0.321597289599968 0.621162916528353 7387 -0.0774243181081558 5 -0.523816595411589 -0.198749007109793 0.542011914650864 0.122008860019915 0.0344837562989341 "atlantic"
0.343181940983013 0.517719727401166 7459 1.42250752806271 4 -0.135977707159392 -0.544274026320854 -0.0505647225866909 -0.385062242760035 0.335376271445152 "atlantic"
0.343181940983013 0.56944132196476 7460 0.736747047057547 7 -0.109168567418456 -0.503476383550035 0.898706630537755 -0.162190518610976 0.1906093335084 "atlantic"
0.343181940983013 0.621162916528353 7461 -0.372081918190068 16 -0.370557679892576 0.745344477946509 0.565224124687935 0.246658920757624 -0.0230223822946603 "atlantic"
0.364766592366057 0.517719727401166 7533 -0.402875194365182 8 -0.229809696252665 -0.548945086036696 0.210871260570531 -0.480823766066328 0.404065436319313 "atlantic"
0.364766592366057 0.621162916528353 7535 -2.26874703687488 3 -0.407047897873292 0.469638812107418 0.769716875709034 0.391895676233684 -0.0926731698415922 "atlantic"
0.407935895132145 0.362554943710385 7678 0.570436093346053 56 -0.488964713748374 -0.371981256927247 0.639598141523367 -0.73586335098451 0.579331097255527 "atlantic"
0.407935895132145 0.414276538273979 7679 0.600060468177173 61 -0.508229204873691 -0.554863865928296 -0.124511620567356 -0.711709090444406 0.519337847456775 "atlantic"
0.407935895132145 0.517719727401166 7681 0.661744783401859 8 -0.417473674439212 -0.514192039497934 0.629949914107246 -0.824425686532976 0.510066496056654 "atlantic"
0.42952054651519 0.465998132837572 7754 -0.0880429676989405 8 -0.261087025950423 -0.527632885110852 0.924105907935204 -0.889101973744793 0.536532905809546 "atlantic"
0.42952054651519 0.517719727401166 7755 -0.157856056501306 24 -0.386196344741455 -0.491938949697378 0.757490591590685 -0.891612103861625 0.532975716409045 "atlantic"
-1.81528319732142 -2.37868956816008 3 0.343167421406735 14 -0.0198047682820067 -0.344196284686768 -1.70032840107268 1.59696662197672 -1.89411787473962 "indopacific"
-1.79369854593837 -1.91319521708773 86 0.140338476455328 3 0.093389377290833 -0.4662266910155 0.0609262036186054 0.0533284832967467 -0.394888022512464 "indopacific"
-1.79369854593837 0.879770889346321 140 -1.62116955398166 5 0.0266644072689489 -0.310135748392294 -1.5865333371634 1.13337818305284 -1.22605596687593 "indopacific"
-1.77211389455533 -1.29253608232461 172 0.479284200667229 27 -0.184631331133681 -0.563231038168997 -1.10523139108514 -1.0518217865584 0.917450168991012 "indopacific"
-1.77211389455533 0.879770889346321 214 -0.1653952928059 17 0.220951819979726 -0.338674181220328 -1.76648898230005 1.06811457250928 -1.22019924908511 "indopacific"
-1.77211389455533 1.19010045672788 220 -0.179645684638467 8 -0.386196344741455 -0.426772843102117 0.418876228914334 2.1288830154473 -1.78157470039016 "indopacific"
-1.75052924317228 0.879770889346321 288 -0.239585169419631 6 -0.240235472818586 -0.38475549552148 -1.73885532349302 1.03126415206233 -1.21367056775 "indopacific"
-1.75052924317228 1.13837886216429 293 -0.0828885124505306 7 -0.323641685345939 0.0475715615866353 0.512383705403878 1.69007235238454 -1.67594160140017 "indopacific"
-1.72894459178924 0.931492483909915 363 -0.947404442763938 3 0.760639077509665 -0.255374568985539 -1.29219168723689 1.26603883288257 -1.2668512454813 "indopacific"
-1.72894459178924 1.13837886216429 367 0.623015826102422 7 -0.359387205000519 0.0518717235166113 0.474102158904312 1.64620277511636 -1.67002273730971 "indopacific"
-1.70735994040619 1.0866572676007 440 -0.699114119352925 4 -0.573860322928001 -0.0797000438242897 0.451922673941746 1.37278323608123 -1.58132825847509 "indopacific"
-1.70735994040619 1.13837886216429 441 -0.333530059615728 27 -0.0734230477638762 0.0541798467556214 0.4424486658937 1.60422811548681 -1.6655420829573 "indopacific"
-1.70735994040619 1.19010045672788 442 -0.366053331060146 8 -0.135977707159392 -0.39335593929523 0.427588712807359 2.01908246218613 -1.78415632209939 "indopacific"
-1.68577528902315 1.0866572676007 514 -1.20966583973157 5 -0.473772867895176 0.679026319395134 0.472118547888005 1.32365106503182 -1.57845345218577 "indopacific"
-1.68577528902315 1.13837886216429 515 -0.541639759505037 16 -0.0734230477638762 0.352088281860857 0.483193570127306 1.58005911230641 -1.66469353576143 "indopacific"
-1.68577528902315 1.19010045672788 516 -0.634552208008364 19 -0.139270057653892 -0.391809808784865 0.431464140405668 2.00194441584221 -1.7850123931187 "indopacific"
-1.68577528902315 1.24182205129148 517 -1.59570556842961 4 -0.386196344741455 -0.522785884847624 -0.504640072635499 2.26753948374288 -1.81349324048411 "indopacific"
-1.66419063764011 1.0866572676007 588 -0.539591881238479 10 -0.498794731653383 2.82082671187248 0.497128811205802 1.27428267939567 -1.57262181972053 "indopacific"
-1.66419063764011 1.19010045672788 590 -0.256635461067156 18 -0.434849968715743 -0.333633298173345 0.431411597068368 1.98891972491874 -1.78678564286995 "indopacific"
-1.66419063764011 1.24182205129148 591 -1.93446406493246 3 -0.407047897873292 -0.523919893522824 -0.532491297838114 2.2643852796881 -1.81349324048411 "indopacific"
-1.62102133487402 -1.29253608232461 690 1.38548255610816 5 -0.523816595411589 -0.591731199279445 -2.6996062961365 -1.0518217865584 0.938838663366114 "indopacific"
-1.62102133487402 0.931492483909915 733 1.71508033540145 4 -0.0734230477638762 -0.180865576211559 -0.97178229361376 1.22223206583323 -1.19166622724031 "indopacific"
-1.62102133487402 1.19010045672788 738 -0.800803364692826 4 -0.511305663532486 -0.279407071118888 0.281516437041658 1.98577993505669 -1.79435519054394 "indopacific"
-1.59943668349097 0.103946970892417 791 -0.00486671731727363 3 -0.407047897873292 -0.577943872178474 -2.05172277676413 -1.0518217865584 0.849938438001699 "indopacific"
-1.57785203210793 0.000503781765229795 863 -0.431979190727761 3 -0.407047897873292 -0.581663718622817 -1.96606326219041 -1.0518217865584 0.881563335292722 "indopacific"
-1.57785203210793 0.0522253763288234 864 0.173495788682268 14 -0.144914087073038 -0.577148522099508 -0.782912764680831 -1.0518217865584 0.853485290939318 "indopacific"
-1.57785203210793 0.983214078473509 882 0.365928883189504 18 -0.35144375618839 -0.144161078130609 0.475260295593737 1.24264050926562 -1.15128105680109 "indopacific"
-1.55626738072488 1.19010045672788 960 -0.24700386432291 17 -0.117579277925416 -0.0424690405023373 -0.511055366781315 2.08052374804292 -1.80775008192836 "indopacific"
-1.53468272934184 1.0349356730371 1031 -0.199611874232717 6 -0.281938579082261 0.279393352282182 0.659544502399698 1.13278356499241 -1.05220224866366 "indopacific"
-1.53468272934184 1.19010045672788 1034 -0.0550647716625177 21 -0.144914087073038 -0.121136590071703 -0.699402933532277 2.14694250269094 -1.81081887904965 "indopacific"
-1.5130980779588 -1.18909289319742 1062 1.00332540294747 301 -0.15405828977537 -0.585590290861973 -1.75510509459272 -1.0518217865584 1.11004816211325 "indopacific"
-1.5130980779588 -1.13737129863383 1063 0.332398517236257 10 -0.0233793202474636 -0.585633033127173 -2.40632657419885 -1.0518217865584 1.15568805505416 "indopacific"
-1.5130980779588 -0.930484920379455 1067 -0.403956593148954 4 0.364459568004733 -0.569088729847295 -2.79246648016344 -1.0518217865584 1.20223883085507 "indopacific"
-1.5130980779588 1.19010045672788 1108 -0.367290286682791 22 0.0403126965916056 -0.289310995676348 -0.860392338262184 2.22088489912847 -1.81246716211907 "indopacific"
-1.49151342657575 -1.08564970407024 1138 0.983921523665762 8 -0.261087025950423 -0.578770206954622 -1.35561263013633 -1.0518217865584 1.18045505290481 "indopacific"
-1.46992877519271 1.19010045672788 1256 0.036506206799155 3 -0.573860322928001 -0.342808985917815 -0.951544756591679 2.29070281769208 -1.81306896982998 "indopacific"
-1.40517482104357 -0.930484920379455 1437 -0.0904019022400798 3 -0.407047897873292 -0.537162609823809 -1.69871697713064 -1.0518217865584 1.13564197563299 "indopacific"
-1.36200551827749 0.983214078473509 1622 -0.382823805716808 9 0.00998316476347725 0.765493747344345 0.276297825253652 0.698459452890925 -0.889828880696637 "indopacific"
-1.3188362155114 0.879770889346321 1768 0.643807674853573 5 -0.323641685345939 -0.249331081195822 -0.56888180820364 0.648219507000826 -0.764252533110701 "indopacific"
-1.3188362155114 0.931492483909915 1769 -0.49529685386385 6 -0.198532366554908 1.8211675960582 0.492236466543895 0.669422140000419 -0.818855665115086 "indopacific"
-1.29725156412835 0.828049294782728 1841 1.16644664916237 4 -0.386196344741455 -0.41436539007717 -1.15737908090678 0.640490281182954 -0.667138655784922 "indopacific"
-1.29725156412835 0.879770889346321 1842 0.851655801806503 14 -0.43087824430968 0.557074262814773 0.267870514410335 0.655494282178782 -0.739555568436591 "indopacific"
-1.27566691274531 0.828049294782728 1915 1.08916458135795 40 -0.0108683883683606 0.482267990217263 -0.151852333311499 0.639984465192909 -0.650881406369019 "indopacific"
-1.27566691274531 0.879770889346321 1916 -0.485808583822374 11 -0.0279287500216835 3.26583533389074 0.913350894776303 0.649342404357346 -0.719334202978093 "indopacific"
-1.25408226136226 0.621162916528353 1985 -0.556506509729244 4 0.99000616195989 -0.145416096030831 -0.937992843439645 0.134100198170546 -0.399034327428747 "indopacific"
-1.25408226136226 0.672884511091947 1986 -0.323411044904057 3 -0.15682926029123 -0.115883220572773 -0.623367046580748 0.267387827876076 -0.459940664945237 "indopacific"
-1.25408226136226 0.724606105655541 1987 0.605297694529862 22 -0.221279515426004 -0.0883307969586994 -0.535736907154839 0.477734020037176 -0.523498127854439 "indopacific"
-1.25408226136226 0.776327700219134 1988 0.706231336164929 27 -0.212433401976134 0.267558188218428 -0.183822645730389 0.622302673785155 -0.575010597320788 "indopacific"
-1.25408226136226 0.828049294782728 1989 0.179953251413037 53 -0.00732755859125491 2.20465804672855 0.674711689866964 0.640301624909116 -0.637519887265984 "indopacific"
-1.23249760997922 0.517719727401166 2057 -0.293481110974051 6 -0.323641685345939 -0.0775343630193621 -1.30793163832161 -0.0690996551959545 -0.274095322944391 "indopacific"
-1.23249760997922 0.56944132196476 2058 -1.19745658527561 16 -0.417473674439212 0.762380502690439 0.293118287847484 0.0415351940267301 -0.365308417834734 "indopacific"
-1.23249760997922 0.724606105655541 2061 -1.25417246638437 6 3.13771613453925 1.02475572949291 0.764831870514758 0.579585758396334 -0.534979530971683 "indopacific"
-1.23249760997922 0.776327700219134 2062 -0.780963609257492 46 -0.198532366554908 2.92410074752055 0.704061256482708 0.633605941564147 -0.578887293944494 "indopacific"
-1.23249760997922 0.828049294782728 2063 0.816395819704015 49 -0.267470154460169 2.50840870822435 0.900709839428563 0.639915005797712 -0.631589136357775 "indopacific"
-1.21091295859618 0.465998132837572 2130 -0.799334955080548 29 0.867053900389393 0.0321267139855194 -0.24235550365191 -0.101644261547231 -0.175227659094447 "indopacific"
-1.21091295859618 0.517719727401166 2131 -0.856604920193723 18 0.232399731503089 0.559917668299041 0.63937381765564 -0.0348788388955136 -0.277998657262635 "indopacific"
-1.18932830721313 0.414276538273979 2203 0.958163217488029 12 -0.0108683883683606 -0.38073662203617 -0.275530130369773 -0.20155196444701 -0.0470840146138915 "indopacific"
-1.18932830721313 0.465998132837572 2204 -0.461391777611221 57 3.95641395750512 0.226515632057132 0.810866604543561 -0.137292703388696 -0.157747500909678 "indopacific"
-1.16774365583009 0.414276538273979 2277 0.970037188894543 18 -0.407047897873292 -0.212752117997941 0.61068516034371 -0.206513001692767 0.0370044052910685 "indopacific"
-1.10298970168095 0.155668565456011 2494 0.195032594218859 7 -0.395132724655101 -0.296343803870036 0.279093451634476 -0.830395878445804 0.748878826740314 "indopacific"
-1.08140505029791 -0.258104191052738 2560 -1.38717388703934 7 -0.144914087073038 -0.551810609760611 -1.93739049473775 -1.0518217865584 1.17180039660843 "indopacific"
-0.908727839233556 -0.620155352997894 3145 0.213304790192811 13 -0.304394097839626 -0.386361071541954 -1.17849834354524 -1.0518217865584 0.760379963744588 "indopacific"
-0.887143187850512 -0.671876947561487 3218 1.04673328202998 3 -0.407047897873292 -0.507306264103415 -1.25740718062491 -1.0518217865584 0.7038538150244 "indopacific"
-0.887143187850512 -0.620155352997894 3219 -0.91090754395596 7 -0.359387205000519 -0.485013609242908 -0.25204647829734 -1.0518217865584 0.760379260603205 "indopacific"
-0.865558536467467 -0.413268974743519 3297 -0.393391554110284 4 -0.44875100413697 -0.543908499401101 -1.39201492589612 -1.0518217865584 1.10661127240034 "indopacific"
-0.843973885084423 -0.5684337584343 3368 -0.173264671491857 15 -0.390366655367823 -0.513696679111257 -1.5326885173826 -1.0518217865584 0.854265246094977 "indopacific"
-0.843973885084423 -0.258104191052738 3374 0.446786172746978 4 0.114240930422671 0.113639644562857 0.272007638388347 -1.0518217865584 1.18777438680116 "indopacific"
-0.843973885084423 -0.206382596489145 3375 1.49571482195133 3 0.844045290037021 0.159761071611028 0.657182802957168 -1.0518217865584 1.19482957118791 "indopacific"
-0.77921993093529 -0.309825785616332 3595 0.436334885120001 97 -0.037309017597392 -0.22557277213884 0.334128029034654 -1.0518217865584 1.17343673277296 "indopacific"
-0.757635279552246 -1.03392810950664 3655 -3.02132779381026 3 0.00998316476347725 0.541667948809443 -0.780072966363375 -0.37205240720093 0.319539459162106 "indopacific"
-0.757635279552246 -0.982206514943049 3656 -0.85220444299612 6 -0.15682926029123 0.724027256089048 1.21004962682654 -0.411979665104168 0.325827060086565 "indopacific"
-0.714465976786157 -2.12008159534211 3782 -0.12681601347874 3 -0.573860322928001 0.480928511121762 0.536937407880187 0.655513058838693 -1.06086988474328 "indopacific"
-0.714465976786157 -1.86147362252414 3787 -1.45833609305577 4 -0.0734230477638762 1.5467687247311 0.581041403079707 0.219454262161922 -0.443024041734751 "indopacific"
-0.714465976786157 -1.75803043339695 3789 0.544777977240944 19 0.163626187840183 0.50709587383803 0.275503551982788 -0.141407178456711 -0.273273498678792 "indopacific"
-0.692881325403113 -1.65458724426977 3865 1.69519905783856 10 0.101729998543568 0.30262237981347 0.886810230632318 -0.206322127809907 -0.185616517038752 "indopacific"
-0.692881325403113 -1.55114405514258 3867 2.3763087383387 3 0.677232864982312 -0.115684439934881 0.691425180027296 -0.206322127809907 -0.0667287651988942 "indopacific"
-0.692881325403113 -1.24081448776102 3873 2.55516983584487 4 -0.135977707159392 -0.294387153715464 -1.82458464901156 -0.223419865310332 0.288797244223424 "indopacific"
-0.671296674020069 -1.24081448776102 3947 -0.30110316502898 4 0.176795589818186 1.36280238799412 2.64784452091972 -0.206322127809907 0.299154926948065 "indopacific"
0.27842798683388 -1.70630883883336 7194 0.343811687988239 9 -0.323641685345939 -0.336403236946827 0.193725737932781 -0.193032223268692 0.275842670674266 "indopacific"
0.27842798683388 -1.65458724426977 7195 1.97656108033266 4 -0.198532366554908 0.464785590413203 0.859239093380814 -0.159046489816813 0.274163057745651 "indopacific"
0.300012638216924 -1.65458724426977 7269 -0.582122853493198 7 -0.144914087073038 0.392559434169515 0.817952270807982 -0.206319589824762 0.375017118295784 "indopacific"
0.321597289599968 -1.65458724426977 7343 0.806855815070616 12 -0.0525714946320384 0.0767944822615258 0.53588782368042 -0.234862165192163 0.416017935774428 "indopacific"
0.364766592366057 -1.60286564970617 7492 1.41400478222847 12 -0.490454110400648 -0.497490102747574 -1.0524714648848 -0.463543326230731 0.549068072768673 "indopacific"
0.364766592366057 -1.55114405514258 7493 0.632421265590302 387 0.791673947287286 -0.385041580686357 0.919654013003621 -0.676691566136677 0.643636257607618 "indopacific"
0.386351243749101 -1.55114405514258 7567 1.0400016484575 92 -0.122378868160366 -0.49603684542445 -0.805839349144203 -0.717561659042642 0.654637931250934 "indopacific"
0.386351243749101 -1.49942246057899 7568 1.2160418268718 105 -0.330790789276855 -0.50424239716976 0.139786124461725 -0.947996023292937 0.730707663614116 "indopacific"
0.386351243749101 -1.44770086601539 7569 -1.57348043692009 4 -0.511305663532486 -0.324454719476893 0.485182788338462 -1.0518217865584 0.794289726386842 "indopacific"
0.407935895132145 -1.3442576768882 7645 1.20731161993872 87 -0.407047897873292 -0.259144712426855 0.548587146467261 -1.0518217865584 0.934537328617111 "indopacific"
0.537443803430411 -1.03392810950664 8095 0.447725900638012 25 -0.193527993803266 -0.55377983144308 -1.33734289889128 -1.0518217865584 1.12964169917983 "indopacific"
0.559028454813455 -1.03392810950664 8169 0.725268167010017 61 -0.274418346805205 -0.357369024613421 0.433836104367588 -1.0518217865584 1.10206046453257 "indopacific"
0.602197757579544 0.259111754583198 8342 1.14485313889899 43 -0.265451304512902 -0.106329783778393 0.750186191119704 -1.03249247622062 1.0336838062723 "indopacific"
0.623782408962588 -1.29253608232461 8386 0.35236591313098 66 -0.304685727953357 -0.576328815111448 -1.6066556516465 -1.0518217865584 0.90780726746297 "indopacific"
0.623782408962588 -0.775320136688674 8396 -0.707538504030267 3 -0.490454110400648 -0.523164590470528 -0.372588075263553 -1.0518217865584 1.18556180540503 "indopacific"
0.753290317260854 -1.91319521708773 8818 -0.814957657958468 9 0.399212156557798 -0.512533293412872 -2.54798469566149 0.50955190839863 -0.665725293149129 "indopacific"
0.753290317260854 0.155668565456011 8858 -0.464243667745109 4 -0.573860322928001 0.525394254717387 0.449732894746424 -1.0518217865584 1.03735854296438 "indopacific"
0.774874968643898 0.0522253763288234 8930 1.2052076644593 17 0.250389306754086 -0.221465819264478 0.16574909214018 -1.0518217865584 1.1098740625588 "indopacific"
0.774874968643898 0.103946970892417 8931 2.21301082358676 5 -0.0734230477638762 0.420934999863767 0.493165796093837 -1.0518217865584 1.0820734565511 "indopacific"
0.796459620026942 -2.12008159534211 8962 0.161616326188581 4 0.0516862710271551 -0.523431198226512 -0.567744333185001 1.48467718968707 -1.65052265954104 "indopacific"
0.796459620026942 -2.06836000077852 8963 -1.34757001845073 3 0.00998316476347725 -0.471264496619095 0.00642148696227312 1.4662308251651 -1.51179222997964 "indopacific"
0.796459620026942 -0.258104191052738 8998 0.961450381559103 10 -0.323641685345939 -0.54200503097846 -1.00871433729195 -1.0518217865584 1.25898086363254 "indopacific"
0.796459620026942 0.000503781765229795 9003 1.80972241079263 33 -0.217488323947489 -0.065123246709245 0.433606143577074 -1.0518217865584 1.14972214279335 "indopacific"
0.818044271409987 -2.12008159534211 9036 -0.694399938679184 10 -0.273597957829526 -0.509204892842635 -0.0454748676893182 1.48467718968707 -1.66110860265185 "indopacific"
0.839628922793031 -2.12008159534211 9110 -0.0688461989233938 15 -0.256916715324055 -0.532008584717419 -0.202624340216577 1.48467718968707 -1.66671788346139 "indopacific"
0.839628922793031 -0.309825785616332 9145 0.706703011165159 16 0.0360476061782762 -0.113300481726086 -0.00285016182049556 -1.0518217865584 1.26595814160329 "indopacific"
0.839628922793031 -0.258104191052738 9146 1.46088995200903 27 0.00998316476347725 0.074879634656127 0.454511526099103 -1.0518217865584 1.26366502728711 "indopacific"
0.861213574176075 -0.309825785616332 9219 1.00128592693093 16 -0.370557679892576 -0.0799642289853044 0.519426011659006 -1.0518217865584 1.24235732115271 "indopacific"
0.88279822555912 -1.24081448776102 9275 0.136392031940462 13 -0.0156802852449389 -0.585493440665992 -3.05687089355305 -1.0518217865584 0.811772870100406 "indopacific"
0.88279822555912 -0.361547380179926 9292 0.792274122592261 33 -0.187158792119358 -0.22575763530316 0.341065732342411 -1.0518217865584 1.24665653503523 "indopacific"
0.88279822555912 -0.309825785616332 9293 0.83921707850123 9 -0.35144375618839 -0.0315227197915948 0.354028978975263 -1.0518217865584 1.22633510940959 "indopacific"
0.904382876942164 -0.0512178127983638 9372 0.978270164121023 18 -0.35144375618839 -0.136109390191277 0.420618405069922 -1.0518217865584 1.19737795624364 "indopacific"
0.925967528325208 -0.0512178127983638 9446 1.18328943550038 16 -0.229809696252665 -0.492979735121513 -1.03924722659931 -1.0518217865584 1.19577901078608 "indopacific"
0.969136831091297 0.103946970892417 9597 1.75884316074639 7 -0.144914087073038 1.27656189939177 0.476342376318884 -1.0518217865584 1.16423298181802 "indopacific"
1.01230613385739 -0.206382596489145 9739 0.882904459105369 34 -0.124938649619008 -0.535658737406304 -0.241827759198387 -1.0518217865584 1.25214163623363 "indopacific"
1.05547543662347 -0.464990569307113 9882 1.03718287069306 3 -0.573860322928001 -0.363625294426478 0.935061581320043 -1.0518217865584 1.37570253526628 "indopacific"
1.09864473938956 -0.516712163870706 10029 0.263988302041788 4 -0.135977707159392 0.843929248336201 0.479384736774618 -1.05131138795329 1.37962826046756 "indopacific"
1.09864473938956 -0.464990569307113 10030 0.328527551477973 6 0.0516862710271551 0.166278332545432 0.618500788524622 -1.05136551220876 1.3608256718221 "indopacific"
1.09864473938956 -0.413268974743519 10031 0.606848293614423 16 0.473930221946886 0.229033375216242 0.629073265706831 -1.0518217865584 1.33826188120101 "indopacific"
1.12022939077261 -0.516712163870706 10103 0.194868155117872 10 -0.198532366554908 -0.00540774420744544 0.53038362174244 -1.05136977482899 1.32535048241279 "indopacific"
1.12022939077261 -0.464990569307113 10104 1.33534316138041 12 0.218498696081864 -0.429123976458914 0.586661055859585 -1.05144511011722 1.31344007079455 "indopacific"
1.12022939077261 -0.413268974743519 10105 1.09290862491991 14 0.158922829990897 -0.473084343318543 0.48146864510793 -1.0518217865584 1.30713747786042 "indopacific"
1.14181404215565 -0.930484920379455 10169 0.109149235196882 5 0.276883044851012 -0.554675559588222 -3.073340470303 -1.0518217865584 1.14098660546987 "indopacific"
1.14181404215565 -0.5684337584343 10176 -0.090549955392353 3 -0.15682926029123 -0.37416077753529 0.451944655677102 -1.05142632341899 1.31670950942516 "indopacific"
1.1633986935387 -0.827041731252268 10245 0.76464021589771 39 -0.143997535287022 0.207467811056497 0.684225296823616 -1.0518217865584 1.22237722339627 "indopacific"
1.1633986935387 -0.258104191052738 10256 0.251885180937008 49 -0.185766109535413 0.331245505713153 0.521095345086378 -1.0518217865584 1.19298884243369 "indopacific"
1.18498334492174 -0.0512178127983638 10334 0.848562081568301 24 0.0829636007249129 -0.520353145024007 0.305765589411764 -1.04503435314385 1.03377351700792 "indopacific"
1.18498334492174 0.000503781765229795 10335 0.786500184730564 19 0.18996499179619 -0.229392293326022 0.565040056795229 -1.01995622320124 1.01069446022856 "indopacific"
1.18498334492174 0.0522253763288234 10336 0.705672944046984 67 -0.226541915537974 0.0271815932657373 0.463598847013051 -0.990217021685394 0.986614431767543 "indopacific"
1.20656799630478 -0.5684337584343 10398 -0.0588519399224849 5 -0.373685412862351 1.66770230276777 0.538814912035442 -1.0518217865584 1.32625656065243 "indopacific"
1.20656799630478 -0.0512178127983638 10408 1.14131856762939 12 -0.44875100413697 -0.555607625629973 -0.332003883621404 -1.03287520136372 1.06120795769702 "indopacific"
1.20656799630478 0.000503781765229795 10409 2.12417001256687 4 -0.511305663532486 -0.507228633977685 0.203790190099713 -1.00044741548287 1.02109365762052 "indopacific"
1.20656799630478 0.0522253763288234 10410 1.2216116982458 104 -0.119136068091369 0.0360510233024352 0.450251739199194 -0.968146274508691 0.991091583807955 "indopacific"
1.20656799630478 0.103946970892417 10411 0.544867381438557 41 -0.293127217348125 1.20322751369837 0.593144689632919 -0.917555082713587 0.946090963711901 "indopacific"
1.22815264768783 -0.516712163870706 10473 0.840229553827685 11 -0.209905940990457 0.629073747073926 0.612557661213744 -1.0518217865584 1.32619330718655 "indopacific"
1.22815264768783 -0.464990569307113 10474 0.957586876722261 11 -0.278147387603746 -0.296496329302587 0.422589454257253 -1.0518217865584 1.30746627467134 "indopacific"
1.22815264768783 -0.102939407361957 10481 -0.191702042415375 6 -0.323641685345939 -0.560142287956094 -1.14904556714212 -1.0518217865584 1.12771920722111 "indopacific"
1.22815264768783 -0.0512178127983638 10482 0.408252549182858 42 -0.168744433509424 -0.558955683315995 -1.02485039666088 -1.03056093555798 1.08579060397194 "indopacific"
1.22815264768783 0.000503781765229795 10483 1.13179488674097 7 -0.43087824430968 -0.550621254749098 -0.419583466788352 -0.989213311019176 1.04177452130841 "indopacific"
1.22815264768783 0.0522253763288234 10484 1.06737677768906 53 -0.13007632419755 -0.514010222233099 0.389798951538988 -0.972229960942189 0.999268139079046 "indopacific"
1.24973729907087 -1.60286564970617 10526 1.47270347051018 9 -0.35144375618839 -0.496980087259317 0.163861034982856 -0.23746456773703 0.273849167737717 "indopacific"
1.24973729907087 -0.878763325815862 10540 0.594799432328721 24 -0.292364355648181 -0.457587829466211 0.139949760314483 -1.0518217865584 1.24159578914669 "indopacific"
1.24973729907087 -0.413268974743519 10549 1.36418535126581 15 -0.223554230313114 -0.380075386800489 0.255441164823905 -1.0518217865584 1.30098206753194 "indopacific"
1.27132195045392 -1.24081448776102 10607 0.224109496250672 8 -0.417473674439212 -0.486350052210986 0.395694719525272 -1.0518217865584 1.10884761656128 "indopacific"
1.27132195045392 -0.464990569307113 10622 -0.0113662733346049 15 -0.206872987807642 0.622335000057853 0.603284159140932 -1.0518217865584 1.3145573574227 "indopacific"
1.27132195045392 -0.413268974743519 10623 0.845696620806689 10 -0.24857609407132 0.347607198023228 0.609026661178343 -1.0518217865584 1.30699649496143 "indopacific"
1.27132195045392 -0.361547380179926 10624 0.961564559379136 18 -0.142928224870005 -0.490013046091795 0.378091731863282 -1.0518217865584 1.29722252674309 "indopacific"
1.27132195045392 0.155668565456011 10634 1.43316608615719 35 -0.295045269622276 0.424070582977541 0.551889435511751 -0.963635325962805 0.903091888554709 "indopacific"
1.29290660183696 -0.464990569307113 10696 0.0601334815135496 12 -0.15682926029123 -0.480332041534577 -0.959222130577958 -1.0518217865584 1.31916586189626 "indopacific"
1.29290660183696 -0.154661001925551 10702 0.600763759211049 129 -0.195622847513257 -0.516452040204 -1.55386016817709 -1.0518217865584 1.25142817118813 "indopacific"
1.29290660183696 0.103946970892417 10707 1.47770028036219 8 -0.0734230477638762 -0.516111870399667 -0.418784167257066 -1.03326487098985 0.983915307625244 "indopacific"
1.31449125322001 -1.08564970407024 10758 -0.804769121165136 3 -0.240235472818586 -0.54772626306119 -0.114320839117665 -1.0518217865584 1.2438035105079 "indopacific"
1.31449125322001 -0.258104191052738 10774 1.48963278890884 15 -0.0734230477638762 -0.497266295177733 0.128070565869665 -1.0518217865584 1.28746164426174 "indopacific"
1.31449125322001 -0.154661001925551 10776 0.83378545582042 24 0.187221366384106 -0.116270696057251 0.460797826109152 -1.0518217865584 1.25667150870068 "indopacific"
1.31449125322001 0.000503781765229795 10779 1.11469841860058 3 0.343608014872896 -0.523456069727332 -0.224507307494526 -1.0518217865584 1.13568289042534 "indopacific"
1.31449125322001 0.103946970892417 10781 1.33331297107404 3 -0.573860322928001 -0.558959214448721 -1.30593883271951 -1.04427873333034 0.99244544686483 "indopacific"
1.31449125322001 0.207390160019604 10783 0.324137699990041 13 0.0420624772739984 -0.356253895086039 0.381280918404217 -0.853944949563508 0.813241327553038 "indopacific"
1.37924520736914 0.259111754583198 11006 -0.200285763179455 6 -0.15682926029123 -0.552703681971544 -0.154351134203243 -0.877698426670803 0.788269628534521 "indopacific"
1.40082985875218 -0.671876947561487 11062 1.08996050017213 5 -0.423729140378764 -0.451916132253912 0.0582671556087409 -1.0505832087008 1.29370992112023 "indopacific"
1.40082985875218 -0.620155352997894 11063 1.59116323978088 20 -0.261087025950423 -0.483105955906472 0.0562750128518249 -1.05061607883225 1.31658777093551 "indopacific"
1.40082985875218 0.414276538273979 11083 -0.0932848121185809 8 -0.104700377461634 -0.0651642322544978 0.464509533595388 -0.530016376712566 0.451798030511338 "indopacific"
1.40082985875218 0.672884511091947 11088 -0.714964185274524 3 0.593826652454958 -0.149681071170326 0.65094469964516 0.565925679566254 -0.555699544644304 "indopacific"
1.42241451013523 -0.516712163870706 11139 1.63942339181774 7 -0.43087824430968 -0.554941515921429 -2.11311787400456 -1.05097742319735 1.32926697656258 "indopacific"
1.42241451013523 -0.413268974743519 11141 1.22413704980789 3 -0.407047897873292 -0.572473060786531 -2.74931351509249 -1.0518217865584 1.30429805102708 "indopacific"
1.42241451013523 0.672884511091947 11162 -0.0906305913944834 17 0.132639359656647 -0.0845339097240055 -0.252435015740503 0.538011495306008 -0.575373865664698 "indopacific"
1.44399916151827 -0.620155352997894 11211 -0.140398200567594 3 -0.573860322928001 -0.540899916541682 -0.981399148597686 -1.0518217865584 1.35810862748093 "indopacific"
1.44399916151827 -0.361547380179926 11216 1.68167222245148 20 0.139262794180877 -0.569356774900055 -2.1538121115281 -1.0518217865584 1.3030612017798 "indopacific"
1.46558381290132 0.465998132837572 11306 1.30483155545722 4 2.99175526261639 0.664483224686993 0.509331603760075 -0.539760503118917 0.357421317234848 "indopacific"
1.48716846428436 0.465998132837572 11380 -0.7466856050547 9 -0.518256181243099 -0.3268555289885 0.118026907199315 -0.567737833027396 0.394531199487789 "indopacific"
1.48716846428436 0.776327700219134 11386 -1.03658617088579 3 -0.15682926029123 -0.327770071826084 0.686097160988005 0.821833692753034 -0.971064504382454 "indopacific"
1.5087531156674 -2.32696797359648 11400 -0.32716446904115 32 0.0360476061782762 -0.515581409532916 -1.13509899050616 1.69771275241966 -1.85848759687165 "indopacific"
1.5087531156674 -1.03392810950664 11425 -0.538186706871637 3 -0.407047897873292 -0.476912647051189 0.431302375503732 -1.05100943870089 1.17096366790297 "indopacific"
1.5087531156674 0.465998132837572 11454 -0.815183184854124 19 -0.53435211699399 -0.181283979240569 -0.672969372650752 -0.469429489684637 0.406454686876639 "indopacific"
1.5087531156674 0.517719727401166 11455 -0.368188900099617 4 -0.573860322928001 0.155924899735073 0.619340528836604 -0.283922466150508 0.162414616371359 "indopacific"
1.53033776705045 -2.32696797359648 11474 -0.333457922447247 17 0.0884831294951051 -0.484883044509825 -1.25856714568701 1.70718245318676 -1.86093444397822 "indopacific"
1.53033776705045 -1.03392810950664 11499 1.36872480361635 3 2.3453571155294 -0.0901318222903644 0.52322832396468 -1.0518217865584 1.14234167353262 "indopacific"
1.55192241843349 -2.32696797359648 11548 -0.281006172780124 15 0.326926772367424 -0.490039036973583 -1.41608292794064 1.69309569161306 -1.86321966093004 "indopacific"
1.55192241843349 -0.930484920379455 11575 -0.969103427448638 3 -0.573860322928001 -0.473397309881708 0.0866370237116373 -1.0518217865584 1.13361406743467 "indopacific"
1.57350706981654 -1.08564970407024 11646 0.799062771799929 235 -0.119207734640595 -0.563696670925185 -0.769498568796868 -1.0518217865584 1.06137924393435 "indopacific"
1.59509172119958 -1.91319521708773 11704 1.42294498206147 4 -0.386196344741455 -0.41799027669077 -1.17736266673776 0.157463909561856 -0.409011321969686 "indopacific"
1.59509172119958 -1.24081448776102 11717 0.62406196332205 4 -0.573860322928001 -0.468537607865472 0.417926414460011 -1.0518217865584 0.968761007012896 "indopacific"
1.59509172119958 0.931492483909915 11759 -0.513312463804407 3 0.510420439927603 -0.387332083380114 -0.139773447822807 1.09259212262601 -1.45841458365367 "indopacific"
1.61667637258263 -1.3442576768882 11789 -0.764767357048571 5 3.47968160590141 -0.277702824275915 0.489559752610313 -1.03526731137412 0.882823135045031 "indopacific"
1.63826102396567 -1.49942246057899 11860 -1.14774367499267 12 0.427014227400249 -0.183483257962317 0.684311040863902 -0.944088216072582 0.682111494570459 "indopacific"
1.63826102396567 -0.723598542125081 11875 1.68150020170116 8 0.364459568004733 -0.558192685216577 -0.593481267876591 -1.0518217865584 1.39686796850798 "indopacific"
1.63826102396567 0.776327700219134 11904 -0.556869931232619 4 -0.0108683883683606 -0.422152549292777 -1.37176858538513 1.32595881746943 -1.27733011006235 "indopacific"
1.68143032673176 0.879770889346321 12054 0.329558859479271 3 -0.0734230477638762 -0.0215089859282957 0.532247218801035 1.466422121257 -1.36785482891254 "indopacific"
1.7030149781148 -2.1718031899057 12069 -1.93949522325088 3 -0.490454110400648 -0.549821590207201 -2.06972223917597 1.12015507099167 -1.34595194687489 "indopacific"
1.7030149781148 -2.12008159534211 12070 0.412760326828683 5 -0.423729140378764 -0.545147638329343 -2.40013860661938 0.848710708781368 -1.11311971822916 "indopacific"
1.76776893226394 -2.43041116272367 12286 -0.850121699641473 4 -0.573860322928001 -0.363443173329135 0.897831254239751 1.96651745886186 -1.86481742776015 "indopacific"
1.78935358364698 -2.48213275728726 12359 -1.12887562451867 3 -0.490454110400648 -0.299777148485045 1.43951804174395 2.46633167225052 -1.87831277726077 "indopacific"
1.78935358364698 -2.43041116272367 12360 -1.12981172344526 7 -0.46662376396426 -0.216729521327973 0.690224621296778 1.94778030760196 -1.86735258557963 "indopacific"
1.78935358364698 0.931492483909915 12425 0.192097396962411 4 -0.261087025950423 -0.363050530068036 -1.92894678520799 1.48467718968707 -1.31534667097427 "indopacific"
1.81093823503002 -2.43041116272367 12434 -1.18324245731398 10 -0.0734230477638762 -0.183821739459372 0.487466820121392 1.93348868716873 -1.868821364921 "indopacific"
1.83252288641307 -2.37868956816008 12509 0.108349977351903 5 0.0266644072689489 -0.514500225268269 -1.39996297362958 1.65792256296599 -1.90483233366 "indopacific"
1.85410753779611 -2.43041116272367 12582 0.146941853961835 10 0.0767081347853613 -0.187600416484074 -0.0480346676814112 1.91353284002281 -1.86886116666332 "indopacific"
1.85410753779611 0.879770889346321 12646 -0.759221099721053 4 -0.198532366554908 -0.407132325353138 -2.04798779184732 1.48467718968707 -1.25388968388 "indopacific"
1.85410753779611 1.0349356730371 12649 0.0938324043209113 9 -0.0456209769214251 -0.168714664150412 -0.961530297162194 1.49697986522662 -1.39902095622334 "indopacific"
1.85410753779611 1.19010045672788 12652 -1.6981809897993 3 -0.490454110400648 -0.148255232245058 0.468612469108157 2.33701468736175 -1.81258013800336 "indopacific"
1.87569218917916 -2.43041116272367 12656 -0.77451261959546 9 -0.15682926029123 -0.280216058975139 -0.0777554280310371 1.90586346922007 -1.86750646535036 "indopacific"
1.87569218917916 1.0349356730371 12723 -0.296780917809749 8 0.395736897702491 -0.211502679405027 -1.43997606949711 1.48775893132464 -1.40338784166291 "indopacific"
1.8972768405622 -2.43041116272367 12730 0.154414480281645 7 -0.00193200845471439 -0.194881323124424 -0.151113687170794 1.89788910526955 -1.86546115937901 "indopacific"
1.8972768405622 -1.18909289319742 12754 1.46527348073482 4 -0.44875100413697 -0.511106503808543 -0.150769363922029 -1.0518217865584 1.08108487724519 "indopacific"
1.8972768405622 1.0349356730371 12797 -1.38541259211813 4 0.301904908609218 -0.278223226897755 -1.6209257120111 1.48467718968707 -1.40993197384943 "indopacific"
1.8972768405622 1.0866572676007 12798 0.296624925297297 3 0.176795589818186 1.7456920948571 0.511744861162666 1.48467718968707 -1.44424860468748 "indopacific"
1.8972768405622 1.19010045672788 12800 -0.613865708371329 6 0.00998316476347725 -0.26895537010921 0.461135162587199 2.33540021118144 -1.81349324048411 "indopacific"
1.91886149194525 1.0866572676007 12872 -0.0993278805189046 3 0.176795589818186 0.541413766594288 0.466336869969372 1.48467718968707 -1.4502747980867 "indopacific"
